10000 5000
2174
3689
1811
1946
2768
6903
4261
6490
4446
1995
1030
6247
6718
429
6974
619
8382
9275
1463
4194
4912
9382
8495
3295
1003
2738
4126
4213
2526
8547
3269
4914
1935
5441
6264
953
2289
7734
7374
144
7378
9574
833
9369
3012
4330
9828
9267
4699
9759
9710
9233
9169
6435
4084
8549
7440
5171
84
2790
5130
1034
5840
2510
9739
9579
8593
6581
4046
7647
3669
8522
786
744
3359
1738
164
2628
4551
8907
1832
7211
6726
32
1708
7077
6848
508
2501
5834
4372
8575
3547
1188
3690
214
3930
4073
7506
1470
6042
5526
3334
6621
1365
2739
9000
5432
1896
7553
6798
4335
2571
2955
4746
6882
9600
4431
9204
210
8759
6179
2184
4396
1794
6560
5466
1825
9714
2572
2020
4359
989
2205
6259
3300
499
9839
2735
6307
5154
5047
9829
1346
2449
9825
3294
1476
646
1342
3921
7336
5330
9961
3514
1888
8866
573
5895
1079
4388
3814
1424
8345
8936
8370
8713
1223
2619
5228
76
3832
4315
9187
2976
9224
9140
9343
2254
3658
7625
7557
2252
6191
557
81
4683
7054
7686
1184
8912
9526
8189
6738
3630
7425
4725
8797
4511
3031
4184
7562
7935
3790
5045
1495
8481
9930
4989
4685
1979
7560
5144
2308
6608
1604
8507
7786
8109
2172
5268
8326
5342
5737
6031
1160
8041
2319
9946
4732
2793
8848
2493
5223
1765
3344
4450
4758
7337
2636
9981
785
7926
1014
9916
8514
5495
6376
1657
5766
9568
5605
9613
3511
6385
4608
7804
1174
8357
7713
4672
7826
569
5165
6654
9571
8389
9734
3611
4964
1656
5842
5427
2980
1836
750
1865
4366
5475
9727
4110
7796
4867
5167
566
580
1195
5100
2482
7703
1145
3456
3341
900
2058
3734
9843
6513
8113
1036
4100
7099
319
6947
5489
8571
8774
6568
109
1071
1713
3428
2858
4628
5802
9359
6676
37
3199
1647
5708
7080
8160
324
5779
5551
8636
5886
8049
6258
4165
3614
3040
7754
6379
3542
6229
1773
2975
4802
4357
9
488
1882
954
7071
9213
5014
9656
2155
6293
4582
3895
5467
9919
3706
4012
7183
7330
1535
9949
4164
6265
4664
3490
6561
7626
6764
797
1287
5950
2920
2458
4842
8671
4373
6341
4236
249
1451
1141
8444
7057
982
6604
9273
1534
1133
5149
9975
6859
9272
369
9553
9221
7721
2970
6828
8698
7305
2597
9400
4799
9298
1011
2418
3214
4070
6212
3751
6549
4108
9434
4089
7984
4254
6748
3423
246
9236
4298
8274
3956
292
2888
7835
3457
2016
4800
3914
6626
9719
9536
7678
2033
7025
7959
4751
736
404
7663
3051
5715
7386
4080
3709
3966
6164
2621
7502
5680
5496
1579
4136
2721
8789
8302
889
7100
6295
3182
3823
1817
6269
680
1010
9559
521
1907
8321
7279
5612
9822
4222
5283
2059
9528
4900
639
1992
9736
8419
9711
6208
2789
4278
1458
1477
6263
762
3896
6080
5809
6759
5435
3111
1516
9222
1216
6829
2885
3733
816
7942
3375
1118
886
5921
7306
5736
6541
4158
168
7794
4305
2694
9068
7486
3169
8220
9586
9738
201
2545
9522
918
8198
2987
72
4132
5514
4673
5596
1897
3739
938
3569
671
7269
6105
4340
5975
6962
1290
9772
9682
7818
8711
9703
2436
7056
3403
3239
5153
7252
2514
6687
9481
4886
5859
4792
4040
9642
4495
5674
4936
772
6310
9391
1624
9061
7989
6697
3351
9073
1772
3376
8828
1146
2522
4387
9637
4051
436
6432
9034
1015
8046
5425
3982
3727
3615
3640
6609
2941
9885
2720
4642
6172
3983
7973
3342
3391
6856
2269
8865
7214
7579
8039
7434
778
7421
9207
6881
4820
9851
4364
8152
7061
3090
4880
5575
3480
7978
6475
2256
9024
8266
2356
935
8316
7292
3692
6530
9255
1927
8181
230
8951
2875
7863
7609
7167
7351
7621
7454
8880
3352
5031
2220
614
8901
6639
3256
9705
5536
4103
3013
2574
9086
524
4253
4761
6968
4786
2411
6217
117
9433
9793
8451
9435
8793
7604
1124
7481
9816
9455
252
6868
5074
4117
6062
5088
2451
9544
3355
7396
4904
3769
4198
8284
2467
4509
3539
6126
9530
5442
5928
2517
4907
1453
4514
463
959
9416
1754
5822
4858
4956
1082
145
598
2108
2347
4493
8726
1490
159
4724
1552
8472
6736
9013
8411
637
5377
9074
5032
9811
3019
1875
8645
2909
4743
6920
7956
2871
5486
2407
8935
1669
9927
7685
2051
3059
2170
30
7250
1945
9774
8517
9655
4738
6473
2433
4780
6615
7540
7843
6945
3299
4600
6991
842
2590
3492
3743
6665
6043
1013
4331
2484
4391
6709
3609
8036
9742
5135
207
2805
4982
5421
952
8334
647
3796
443
7166
4064
4689
720
4788
4882
5478
9720
6802
8380
5637
2983
1871
2041
5431
6227
1484
5753
8739
9370
9477
3186
5133
941
1525
2856
373
8291
5630
5452
8164
2156
7881
2142
5059
3648
2908
1247
8093
5036
8605
6695
3516
5693
2197
6008
9057
3472
7888
1802
5462
6370
9251
912
7169
974
3566
6537
9352
735
7359
4573
8502
5227
1993
2299
2273
3091
8467
1598
3910
8733
9647
5643
8030
505
7179
8674
8826
1595
957
1958
9625
3268
2626
6555
8306
3682
1306
415
8280
3754
7458
2192
9158
2926
3681
3211
8410
6683
9462
8374
1938
6650
9539
9286
1570
5161
2840
8637
9016
3104
3866
3405
4844
5367
300
6879
8018
9162
1960
1532
9664
7730
6442
1008
6763
2153
6651
5696
3287
3967
3889
1196
8397
3521
2699
9565
6219
7847
6924
2381
3198
5568
9287
3799
6497
5249
9879
9037
5057
3347
7658
6970
4402
1619
2891
6439
3644
7399
7682
7787
892
8235
3945
417
3704
730
6448
5770
8323
4408
8413
235
2053
7201
5293
969
4952
341
5719
4625
6087
1423
3659
2743
1485
6397
9271
3181
254
3973
6163
875
8882
6956
1533
5897
9862
2416
2490
3738
7790
4412
5857
253
8226
4439
7546
2942
157
701
4563
3116
4232
7893
225
5532
990
2817
5251
251
7601
7310
7202
2175
8176
7103
8490
4349
855
93
6304
3448
5808
9860
1917
8254
2961
9911
64
1511
5557
4921
7174
3283
318
4225
8979
5864
3820
8035
4317
2886
9279
2770
4542
6471
9194
9578
9114
9052
2922
2432
9852
5875
2843
6360
9338
5738
7154
89
8207
6134
4935
4214
1002
3616
383
3594
8079
9709
1775
6123
4778
9250
8616
4915
9387
659
360
4323
3073
3731
7006
129
2352
9202
7017
2052
1977
9125
8294
6576
4696
6300
8418
743
7084
5791
6130
8548
2422
4192
2852
1854
3060
3730
5179
7129
4526
6019
5572
4876
550
2036
5329
6682
7392
2603
6895
1224
6902
8225
9972
3055
1132
9334
334
4414
1555
858
9724
3666
5594
222
7438
9906
2666
4873
7058
4994
69
4852
2282
7361
6901
1433
4221
7284
3580
9147
8860
1974
545
3576
7429
9849
7632
6969
2837
5304
6741
9173
4252
4097
7568
1943
4286
3942
7733
6045
1268
1577
4009
6115
862
3712
8628
1267
1303
836
9713
5930
6846
4713
2537
9316
7946
3064
6243
7323
8619
9384
1450
1
4622
8531
3102
6156
177
9672
2318
1916
5262
745
4489
9741
9847
2245
1210
5798
7463
8656
5861
7384
9437
4008
7256
1358
6750
5267
2853
1154
7023
1370
6438
1702
725
1185
8862
6261
7349
5266
4041
8999
3016
4227
793
6391
6837
6591
3746
8738
7917
4905
8179
5013
9226
4616
780
8384
9110
3610
5530
6119
6703
6061
3185
3236
9933
1186
2810
7295
8610
1638
9887
8527
5089
1559
726
5801
6536
1150
1700
6813
3828
3740
2760
6877
4502
8640
746
2425
9104
8829
163
123
1302
8479
6111
6515
7195
4496
5589
5256
9345
6366
8038
6205
9096
439
9184
5691
8138
1639
3112
1355
577
9765
38
3257
6378
8509
2027
832
5756
6089
3789
821
2504
737
8519
6414
562
9766
6230
2795
535
1397
7259
8801
2486
1849
6390
6116
1944
1824
2249
7915
1722
1025
2173
3094
3052
4984
8026
3469
6699
9786
1151
9836
5981
1307
364
6574
8624
3978
6184
3795
1297
6858
2830
5258
4378
8040
1512
206
8693
6236
9850
1263
9377
5648
8239
2102
1372
8361
8492
1093
601
6563
1872
6098
850
5199
8379
8743
7436
2238
3282
3723
4270
2711
9830
1376
5280
4272
8851
5079
1505
7400
9394
1910
506
576
128
8705
1114
5727
7756
3660
6033
1971
8634
6232
7561
5124
3975
5176
8558
4163
2645
1256
9676
362
112
1024
7637
7086
4898
5747
7808
2148
9953
7924
3725
6540
7707
7908
2948
5786
9190
5947
9783
7603
7779
4034
9404
1999
7009
438
8723
693
7963
8984
8603
7529
4892
3719
7589
8023
9937
4470
268
765
2316
6494
4032
3631
1042
6016
7385
6492
3266
3507
2579
8008
8777
984
7096
7574
3964
5922
3231
6349
7480
9051
1659
6985
2373
9371
2391
4392
5257
2787
5029
2627
723
156
4174
5119
6355
896
5974
3577
4336
669
6804
9653
2179
1643
8973
5660
4634
4296
1503
4783
9137
97
9476
3002
2943
9105
7932
845
5497
3770
2066
6286
2498
4957
3025
4142
2384
6820
2021
8930
3481
1780
9318
9457
8682
1890
9675
7777
2777
3634
1651
2549
1171
3302
7356
7095
385
6009
8864
3035
4422
6303
1259
5274
4815
3680
9717
299
6989
6794
3632
4833
366
2639
3629
3024
4488
7072
1212
5391
1249
7276
2111
753
3944
4185
9006
8736
9745
5953
4613
6811
6923
3074
398
859
6532
3607
2737
1653
7612
5052
7300
4187
1135
3346
894
7428
8609
1292
6827
3153
3276
90
2674
8685
5598
423
709
9543
6312
2952
9800
2067
996
9831
6297
3424
5944
9634
3564
1334
7036
6544
1416
497
7113
2851
620
4313
4189
2776
8760
4427
1587
7516
5080
1744
7430
5910
7074
6176
4249
8191
7487
5662
4288
8557
4611
104
2796
8486
440
1591
4183
407
4479
8216
8182
8488
1509
5476
9547
328
5354
5741
8868
5554
800
4196
8360
1842
1622
468
5714
5581
1144
6493
8497
9373
8570
7795
5457
7705
2974
4371
1345
1429
2829
5880
6135
7564
3848
2685
5292
6333
2288
4883
6314
5654
860
9498
8267
1044
6690
2366
3559
4779
3801
9432
7184
3041
8248
9908
2820
4403
8250
1741
7053
4619
4380
2348
5350
2592
3366
1409
4162
6467
8592
4737
641
3626
1586
1733
4007
8577
7185
7735
6128
3407
4369
4140
7038
1007
2675
4460
3063
3067
4019
7267
2260
2625
760
9441
2462
9626
7258
5035
3979
2834
8962
6025
4803
7693
9823
6190
8352
320
3301
9422
7602
2207
1394
5870
452
5927
2268
3601
2924
3960
3621
8839
5827
2505
8474
1235
1895
9601
9936
8416
8394
9080
3950
5347
3099
7799
9429
7595
3647
4522
4924
8967
2903
7312
5242
7684
4467
2355
5792
351
8680
323
9500
4995
5641
5122
8932
1939
9358
5225
2198
2024
3028
1779
3461
354
8831
5182
2324
9240
1868
604
7911
4969
4731
9283
8720
803
4618
2887
2481
7848
7840
7729
9488
3468
2109
8900
6446
5937
1588
1142
126
6268
1021
7208
7586
7088
4289
7123
9938
8423
9569
7605
8309
6849
2454
3003
4154
3190
8512
7461
8310
6666
2697
2266
197
4026
9584
7379
4448
3345
694
6377
1788
2025
4604
4061
6445
3649
4872
3810
1167
9085
4395
4910
4714
8928
9758
9299
9689
4554
2782
265
3536
8197
5392
4243
1084
8052
5690
5622
8572
7414
4750
2863
3523
6880
5684
1230
2741
482
7416
6597
4147
6773
5157
7991
4525
7268
4538
9149
6273
196
7451
3166
4946
7672
7921
9583
1510
8063
3307
489
2194
2551
689
6635
961
8147
6678
7987
4636
1043
6784
1094
3140
5781
1379
5527
165
7353
1531
7965
5248
5233
6795
5207
3903
19
5116
3947
4030
8432
2565
594
6034
3442
2665
5810
926
9007
4920
50
660
8065
6332
3965
9491
2971
9320
7419
2171
7656
8200
1725
7004
1066
8849
3913
1686
9650
2101
9212
6108
8029
2749
5034
9295
5203
5882
3315
8346
7067
8354
8180
6488
9001
6006
2208
1956
8473
4043
567
4875
5156
2160
8043
9049
5628
799
3703
9763
9291
8521
7710
6277
5943
4206
5140
3550
4530
2653
6162
4669
5924
2313
1575
5128
4851
303
7499
5545
1203
2928
4168
5561
9657
6528
3970
1667
652
1558
7468
5936
4703
6939
6602
688
9864
151
5716
1834
1492
2157
8119
9119
2763
866
371
9954
4933
3784
4239
1760
1019
9688
4624
503
363
5586
6992
9561
4734
1633
9244
3710
8475
9375
8134
5539
5424
8704
9806
7420
3855
2351
5832
631
8135
4085
1652
9506
5748
6573
2178
9575
5109
7107
2468
3582
6961
921
5364
5065
6056
6150
754
5892
4940
5954
162
9820
247
5823
1410
1471
3525
2602
537
2878
7570
7377
8150
453
3985
654
4925
9453
7761
2079
5439
3343
6343
6775
3949
2049
9674
6215
1724
924
8798
3821
8691
9475
3747
6900
7822
4379
2828
1537
636
6274
4203
8313
1852
4059
2015
4560
4578
8768
9549
2708
5905
2644
1387
5083
7534
8894
419
4866
6478
7387
2604
6112
781
2230
442
2023
5973
5042
5869
5593
1322
6702
1257
1628
3233
7152
4602
9484
5335
5064
1592
5873
2629
6919
5359
757
5132
9254
8566
2087
4280
58
5413
14
3271
732
9178
6535
4248
3278
8237
5376
6158
6078
95
313
8678
7016
4432
3228
3022
5273
1374
7982
677
1750
3861
3066
6166
5384
7814
790
1691
4896
6575
1955
6728
664
3518
3195
7526
3933
2827
6663
7772
768
7801
8982
259
1206
7105
3728
5141
5726
7889
6266
5789
4472
9838
9045
7990
970
1689
1959
4095
3537
3291
185
4913
798
2281
1551
758
1964
485
307
929
2496
5908
2267
6832
2918
22
5008
5243
6993
691
8734
4686
7771
6373
3133
2650
2061
6085
9002
9425
5656
6182
4347
6577
2688
4240
8483
6024
6380
3498
1037
1819
2536
1005
4148
1130
5579
173
8032
4597
9587
1781
9211
232
8400
6469
9566
4127
3433
5860
3479
1315
1692
8807
2800
2130
7943
8457
6384
4267
8149
9840
6357
7376
3505
9365
6821
6791
8401
3827
6594
46
9063
7868
9652
4958
3232
7849
9397
2879
4418
9540
1430
3909
6988
2144
2296
1483
5250
6203
8721
5619
3332
8297
3017
515
2002
3908
7859
4257
3057
4107
7624
8001
6742
2488
9022
9381
2812
2030
2062
3808
4784
8369
6648
2131
9395
4571
4859
8068
3800
5528
1694
2497
9288
5483
3463
3987
7622
606
6235
8688
7069
2063
8596
8271
4660
4263
8958
4874
923
10
1179
1452
5961
2819
5430
1211
4264
7536
6927
8985
4959
2841
3581
344
1547
7939
7324
2243
8563
5761
2368
7128
676
2112
8611
17
7433
7456
9337
3496
1698
2404
4539
4363
6346
5685
4986
4337
91
7112
2979
9684
3435
5700
120
8922
2078
1116
2624
7842
4091
5711
3177
314
6584
2086
6641
7382
3362
4082
280
4453
4075
6768
9193
3991
865
6876
8342
8005
5180
6044
7525
7513
7490
7070
5985
1985
6844
2767
7476
8737
6480
1746
7742
2600
4774
2386
8676
8825
5584
60
6625
1191
2859
2652
5215
7171
18
1573
5299
6816
588
5190
3384
8102
5681
4193
4409
5599
9957
3224
8437
1539
8618
6770
9340
7817
5396
5076
148
8246
1797
3925
995
4375
6092
9499
7508
6253
2495
2284
3200
227
8247
8893
9959
9035
3788
396
791
3478
1395
9621
9967
1603
9560
9004
7891
6275
9598
4712
5772
3476
8385
3009
2310
2056
951
4555
1366
9660
6086
5235
3904
6633
2981
459
5636
2335
3997
4104
3093
5932
698
1251
3873
928
2402
9321
7851
2640
7018
6971
8695
3014
4382
2200
8906
6502
7369
7970
609
3249
9431
9698
3410
7287
5142
9440
7582
885
7159
462
2429
9185
2360
3394
1243
6171
6452
9886
5537
1117
7368
2973
1305
5683
8330
5774
1589
4244
3085
5659
942
1878
3149
3948
3331
8510
897
9997
5940
6233
7255
1947
4865
6785
4029
4241
1158
5777
3717
199
2994
8130
8941
3853
5703
1032
4657
4901
5966
8279
5000
4649
9768
6311
2491
1996
6937
8192
5634
1095
3705
2681
5851
5212
3567
5209
1820
181
1391
8818
7308
6809
1615
4028
4273
445
3587
1835
1121
5569
6631
5507
4524
7397
4846
9905
8677
9510
8343
6786
5836
2623
2654
8612
591
6270
6327
9058
1544
5649
7584
9227
8318
2799
7327
9897
4516
7471
3437
8367
2420
5226
7334
7832
5631
9945
8991
211
7162
7059
2755
622
7045
9327
3651
8128
9154
8681
8163
581
3672
5446
6771
6210
1566
2801
5202
8643
7393
7746
6032
5011
7325
3000
3144
5627
1648
5126
9743
5394
1218
2773
8195
7887
5321
3273
7316
7335
9646
6305
1076
3718
6288
5846
4025
5447
2898
8811
7993
3243
5729
8840
5577
9430
9469
6299
4698
7263
8414
2609
1454
2161
3841
7239
8655
3226
5603
492
7593
6805
5795
1936
3265
6139
1771
2262
3400
3778
224
4557
2883
5583
5540
1665
2606
7757
4125
4707
3010
7914
8931
3683
7585
7948
3968
7904
8850
6872
4399
5523
4728
5757
8238
6977
8994
6276
4993
191
6907
1029
9837
1113
6257
2380
8724
3373
2276
3844
8590
9438
4817
1756
7372
4269
278
8837
2847
4360
2564
7301
4504
9379
823
5333
9969
7654
9366
8106
2543
1310
6724
411
9153
3989
8331
1039
255
2121
7111
1923
9093
7135
8809
9031
600
9029
666
7254
9030
7346
4199
484
7717
2333
920
9289
711
9631
2533
1718
2241
4141
5661
6132
8853
6413
7093
8186
6291
2270
470
6801
5858
101
2221
4159
7900
6371
8498
2372
761
9814
5646
9402
7503
2082
6930
5881
170
1902
5773
8016
1431
8328
5198
3938
6743
8908
5542
3971
9163
8602
6517
8971
9257
8010
7669
7233
9964
1072
6368
1709
1323
5611
4754
223
5768
3320
6671
7406
849
2295
913
3941
3625
8725
1200
333
2530
7442
4694
1435
327
4973
2103
2218
5918
2714
4469
6668
5440
4824
4688
9567
1481
1654
9386
2516
6754
4076
8227
905
9261
3533
1053
9374
9411
9699
2315
2187
3771
3193
4928
1405
7272
6053
2934
9111
8814
2774
5992
7696
6512
8031
8701
7788
4519
8307
8336
6099
9654
8341
956
469
7692
8652
9948
2523
9690
9360
5600
6196
5470
2132
3454
5587
6331
5934
1353
4985
4850
1335
1876
6806
9459
8004
8359
8278
3159
8599
1136
9357
2092
7544
8396
6707
7660
4275
8601
5788
2378
381
9385
9610
8981
943
7245
5616
2150
1166
4997
1949
9746
9156
1234
1123
7731
1468
2662
5282
9704
1129
3524
8169
908
3667
1496
9590
8314
7445
5624
4980
2599
9322
2070
122
7667
1629
9633
8669
5712
8838
523
2854
8295
5143
3030
358
5101
5916
4868
7044
4482
3119
8536
2560
7876
7992
7940
7426
870
6398
5901
9641
2511
2540
7702
5339
1418
5987
5216
24
7215
3829
7464
2105
9875
3859
838
7874
2744
1337
9883
2143
7920
3620
3432
6686
3826
9934
3358
4930
2660
4354
2968
8395
3325
1983
2166
6003
6673
286
8870
7719
9977
8487
1201
7631
1202
2071
4922
3875
9468
4374
6822
6187
5676
5178
2872
3688
1056
6565
124
9513
5221
4166
1740
8224
9331
5906
7816
2585
7509
8642
1581
5479
1109
1973
8960
203
3663
4606
7418
9015
527
9805
342
526
7551
5230
7552
1006
3489
1237
2190
4294
632
6716
11
3592
1389
7896
7290
3413
3324
3284
8090
474
5517
1229
516
1751
1001
8348
5963
3462
2361
8203
2936
1847
1529
6571
1060
6495
9388
5960
4324
6489
4633
8632
3071
8404
4105
4438
6479
5234
8583
6700
8066
7994
7194
1040
7339
309
2044
3486
7899
9965
9781
4260
6938
7137
8177
4990
5509
2251
6660
1239
5271
2014
1795
927
6036
7343
57
4830
2954
5642
9026
2280
26
426
9612
6659
3544
6522
3170
7510
7484
4570
8025
1448
4929
9419
113
9928
7477
5095
655
9951
5459
8525
7360
6298
375
435
1848
9408
5468
4768
9012
1411
2045
9039
3988
1152
283
5317
2915
1115
5021
9984
5784
6104
4433
9648
6418
9777
5917
6404
5701
8945
2118
607
7229
6729
1962
2664
930
295
2580
7130
7075
9700
767
5319
5027
5653
8449
6694
7670
8447
7524
3260
2117
5493
683
9398
3527
2992
722
9439
1752
2546
7592
7291
1407
8553
2005
139
6292
2485
7157
1778
1699
4415
7012
187
700
4444
4010
3032
1626
3222
3453
6433
9630
5145
9181
4739
8142
1075
4556
3798
8399
6730
379
4266
8791
8670
7538
3699
7076
9228
3990
5449
2168
5814
5023
130
52
392
2227
135
4805
2240
4069
3050
3180
110
3804
6598
8842
9191
1582
3434
8223
8233
6616
7478
2104
8544
5325
5608
9084
1711
1295
6808
260
9888
8129
7720
4171
3568
4838
7297
3745
3923
9541
3113
1241
2201
5986
9497
2011
1729
133
2304
2215
8320
5311
8083
1378
5370
7728
272
776
4747
5988
7995
2836
6409
7527
7193
3241
2334
2338
3139
2707
934
7423
8805
7768
8024
811
867
5208
264
9871
6013
9976
9129
1000
7691
9464
2507
618
5731
3802
1209
9047
8028
7668
5139
2202
8275
9980
4421
5418
6029
3670
1827
2406
1321
5704
9175
1339
1569
3584
6755
1514
9367
4245
8398
7972
8955
9659
4549
708
1887
422
4362
1838
9134
5639
6122
2938
3310
7037
3817
7055
4948
8048
4114
3924
1489
3372
9362
5150
3251
8686
1734
3421
5134
7142
3981
6499
1232
3920
8802
1273
9636
1347
4314
5970
7340
5028
7247
3834
4572
4398
8085
9072
8452
6950
7127
5247
592
2874
649
6967
9062
7189
9511
728
5308
8846
1980
871
3107
1233
2594
4546
8990
533
1319
5494
4386
2177
9417
9782
3995
4484
6325
1789
6302
6129
2945
7311
9454
7371
2713
1363
2465
9306
7821
3777
4711
6141
5369
9380
1803
4093
6705
4810
4897
3110
8427
3764
1644
4794
6068
7482
2397
8946
9942
4777
7542
1601
5828
9069
3868
5275
6835
6096
9342
8742
9732
2732
6411
2434
1894
8484
4644
1217
807
3162
7150
6485
7003
675
8387
3961
971
9410
8710
6987
6279
2181
4676
3011
9493
9644
9124
7145
3862
5398
6287
1990
854
2701
6052
2758
899
643
3597
2091
5113
3574
7242
904
9701
3184
9673
8918
8440
7227
4843
5255
3197
3686
4760
8730
7028
2264
1748
2149
4390
7927
3305
6966
2100
7237
834
7362
9767
7511
7241
8623
7475
3951
1846
3464
707
2001
6613
5464
2552
2857
7043
8503
3500
3586
7286
2129
1497
8986
9893
6064
5355
4088
6417
7498
2019
3882
3189
9042
3244
3173
4723
3390
8629
4521
486
8646
6735
839
2494
9209
7941
9878
7221
9107
2914
2881
8021
2962
6345
3553
7271
9762
2813
6810
3306
1047
6454
4679
9032
5504
3931
3573
6421
7961
3128
7879
7802
3303
6408
395
6231
2672
6136
3446
4643
7623
1343
8751
6468
2
2191
2873
9913
3087
4942
6228
134
2463
8897
4072
8158
9449
2643
5186
6973
1561
9992
6661
667
293
6630
6133
5484
7737
2612
8626
4429
8664
6951
8887
1192
2400
9918
5272
3668
7783
8257
5907
9517
9552
810
8499
6249
1385
3958
6280
7976
2387
4939
7607
3368
9353
7050
9558
7797
3475
6986
9130
5195
2421
5166
4004
2298
3429
5389
4055
1341
9489
9503
809
5192
9603
9269
4423
8350
818
6015
1134
5515
6853
4518
3867
4494
1749
6437
7598
3383
5252
250
2947
68
5679
8816
3797
7662
3752
2637
9265
2357
5169
3836
697
7390
3509
1805
605
2176
9415
2345
5640
3274
2431
6885
3357
5337
2544
8579
7554
3
4765
9328
6649
1026
5800
345
2932
8071
425
9516
8446
6548
3671
3157
3881
479
8989
3329
4011
1177
390
1074
7594
1716
9315
491
756
5896
2413
7683
2680
2588
3054
3326
5647
7522
5826
9687
3755
3411
6781
6845
8722
1790
4307
9350
6241
8815
4300
430
9492
7186
6531
8952
305
9770
3504
1090
1818
8950
6145
5120
7665
9324
127
8108
3238
3101
6213
4735
717
3386
690
4309
3599
8715
5775
8872
2285
2399
1530
3382
6204
6392
3831
4547
8754
8779
330
1508
4425
4744
4121
2457
8022
4287
4782
2007
5778
8565
8747
9721
9055
9779
9116
7148
8888
9733
1658
5007
7243
9618
8639
3044
6197
8683
8104
6120
7583
3406
6239
9808
7919
5552
7450
1763
108
4228
3646
8953
6928
4890
1540
1088
1289
6836
5725
6211
3082
1367
1107
2884
2630
7975
3917
4251
2040
820
9223
7332
4961
8454
1426
4607
950
9088
4552
1038
4215
3270
2293
8761
5241
734
6643
8673
7937
9562
2307
2842
382
7741
7079
2877
9050
5991
5955
5903
3230
7641
9747
1246
2489
78
4814
1618
4623
6960
7645
9722
4545
1769
7666
4355
8111
5728
2461
3892
3833
8511
755
277
6294
8325
1826
6623
6329
1672
3850
5601
7280
7266
5925
3120
8917
5524
4334
3952
1893
352
4056
8770
2231
9056
4005
1688
6572
2253
2035
8383
5246
7834
9535
7697
5979
8242
9968
2568
9538
3557
2750
3781
5590
41
8803
1840
4338
6194
8060
8663
1296
1238
5437
1886
5434
7811
3724
3038
297
5206
174
8003
402
8924
8453
9790
7850
8810
4312
4246
7618
2083
3408
7110
1311
380
6904
7257
551
389
4042
2474
7198
6159
1274
8194
3237
132
3501
6075
3639
3665
7974
1607
2224
8174
6857
8963
2459
7121
7784
9580
2113
3194
6983
4967
8466
7664
5847
1898
5307
6632
7136
7873
304
6935
3510
8435
988
100
8259
5764
7643
42
51
6403
3854
8091
2525
2508
7289
8718
9749
3061
2892
7453
4828
8766
9021
3902
9133
7769
7751
2944
2809
6137
5238
7836
8659
8501
2211
4968
3791
6076
5181
8202
2444
665
7883
5331
4416
9651
3786
3036
3379
4963
2225
3212
5438
4953
4938
8857
321
5188
2065
502
1046
7082
2229
7
5117
6401
8745
7700
1312
6117
2788
2279
3711
972
3571
9900
1650
3735
6313
8430
9702
3065
616
4715
4630
5890
9303
699
6088
7716
9428
5306
901
3636
9504
6094
3229
7253
1193
1951
9241
7912
4975
6444
6050
2613
5744
8097
4951
4365
8376
5305
4558
2855
4730
8993
487
2990
9260
4887
9784
9333
7234
7854
96
5915
8144
1299
9531
8847
4302
6733
6165
6838
9988
6713
727
7260
6520
7997
454
1662
4785
9748
8740
1112
1925
4003
167
9054
82
8027
7101
1730
3598
2927
672
3151
1057
6527
9406
114
8844
9336
2647
624
9670
9990
4911
2706
6618
1976
3045
9285
890
7014
8055
4092
5191
7813
9393
9869
8653
1279
4931
7706
8315
262
9347
9200
5390
4344
977
5472
1680
8672
4716
3163
256
5077
873
9372
98
5541
8188
2286
5123
4808
9764
4999
4413
763
3998
2562
4320
1163
6940
1987
4702
7600
2122
3367
5231
7657
25
9890
5174
8784
8933
8667
1236
6545
9314
3840
7901
39
4443
8877
111
4719
983
490
4827
244
3264
6911
7944
6851
5865
2824
8806
7175
3418
5957
6569
9795
7770
2933
2969
2569
6556
2679
8476
5933
4436
5839
5066
3216
306
1183
9606
142
5285
3822
102
1356
3154
6456
501
4310
3785
4976
6936
7955
3385
8978
5352
8231
2965
2439
879
461
2949
7307
6426
7278
4477
8843
9348
3396
7331
7596
273
2146
1602
2095
5099
5458
458
817
5063
9595
2125
6079
7365
5782
7945
1630
7125
368
8167
243
1308
6772
9950
6317
5217
9413
8460
738
3955
7232
2907
1381
4692
1600
2867
9325
7988
8567
9420
9979
1382
8455
851
4212
5597
8300
4420
2620
7611
4428
718
6708
6342
5473
2861
9268
4094
1338
4753
8781
4045
5623
6022
1111
2978
8987
4322
5328
4057
8799
3259
4561
9678
5899
9861
7437
4979
769
5443
3561
8412
7661
7952
4411
6278
4426
9448
1673
4742
8762
5281
9817
8426
6450
184
9253
8959
2956
2026
5657
4377
5093
8234
5820
1436
86
5445
6640
4250
1599
3046
2437
357
4708
3483
9619
7581
9234
2341
2558
4231
4812
4370
3623
1701
574
5699
473
5114
7837
6449
4749
5562
23
4771
3943
3430
8044
2158
9955
2473
171
1087
5724
1986
3502
5666
7452
801
218
9174
8584
4550
8218
1073
565
7002
2089
3664
6207
5695
4143
2099
238
967
1437
1981
10000
7089
3551
4131
6803
9248
2469
5911
3515
547
3126
4665
5324
5942
1304
1103
3392
5026
8532
7675
5213
6906
8256
8974
6059
7748
7304
9944
9117
9252
5428
5746
1536
2779
6674
158
6348
7831
9159
976
4529
8228
644
9974
9502
1501
1697
4695
7170
7415
1422
5877
5138
7727
239
4406
3846
2073
6457
8424
8017
4807
2869
9473
4333
4565
3879
5909
8692
1278
4202
7494
1466
9876
8002
4018
3803
3520
9582
2802
2428
5841
7158
6361
9011
3779
6893
749
5104
5411
4998
8125
3495
2731
7104
8493
3053
3262
9728
7599
3540
4663
359
310
8013
555
7092
7462
520
1548
6852
6652
3721
2921
1978
5456
1033
2377
2362
8061
9460
2778
8631
1189
7971
8428
6897
1784
4781
7314
376
8249
6842
4397
1051
4970
714
2047
6260
3027
4668
3675
8559
9123
2379
7315
2996
2012
3508
8635
8885
5565
9518
2226
6840
9066
837
3849
5502
8491
7203
4533
3519
1879
3114
653
1317
8719
2967
4000
4341
2477
4384
7865
4639
4435
748
1606
2013
5769
6405
2452
1361
5655
1098
1017
2140
284
5345
2048
9708
3638
1069
8597
4462
4517
8157
8964
9089
449
2343
7878
8087
1764
3477
2563
3856
3297
1850
792
5048
6319
8433
9203
1885
1881
5694
3147
5009
2506
1270
240
8954
6867
6484
9396
5334
5110
1478
9752
4466
4210
2275
1563
2363
3546
2657
1383
9943
9973
6657
3083
1252
7236
5825
7608
5863
827
4825
3072
532
2897
9077
6429
759
4748
2997
2821
9043
4627
431
563
1350
741
5082
8033
7431
9458
6289
7689
7655
540
8528
7947
3445
7345
5194
4237
2889
4861
4687
6365
3178
6474
7913
8968
4576
356
5946
4500
7444
6393
7455
350
2107
4074
5610
2678
6788
5743
5732
6797
668
7261
1774
5501
2709
4155
5531
8970
4118
4144
4454
1998
958
2250
7131
3015
6242
6559
2216
288
1874
1723
7466
546
6714
9332
9877
504
1438
1419
9399
2929
6891
3389
3974
9914
5454
6175
3750
4654
9466
1500
1799
2409
34
2931
5314
2126
1625
4621
8874
7736
1227
3380
648
6073
9148
7388
8301
6336
4491
4889
5193
7408
9715
2850
6722
5405
4112
8518
9356
2427
1412
9023
2385
4099
9791
715
1520
20
4060
5097
1460
6766
4849
7196
2365
9616
4988
332
1807
9097
9810
4332
8494
5410
6326
7674
4591
3756
2326
3919
7501
6807
5160
815
9188
5525
6603
2902
2816
4295
8131
7577
5373
6614
1455
2808
6476
7652
2722
1684
8812
8790
9841
876
8746
5559
6049
6790
8569
7391
7755
6508
5006
9991
615
372
5913
7877
1443
9629
7830
7370
7375
9608
3880
1156
5516
8703
3969
433
656
3235
906
7514
949
8281
8957
2137
7953
3258
543
6017
8222
5977
1161
1068
7897
4863
4177
5361
1546
4813
7366
4170
1768
8317
5159
2686
2687
9131
3378
7282
4893
6060
8855
6028
4903
9405
5813
7328
4290
2616
3918
4242
6387
2649
8304
3619
1721
7726
6039
5073
1808
1613
7559
1693
3202
1668
8480
3935
4195
7629
7338
5146
5012
8620
4721
1914
3927
5821
1518
7342
5061
2430
3374
3281
408
5632
7698
140
4220
3493
685
9812
2910
9339
5200
4173
4451
2586
8881
5453
2417
9798
9576
5794
4510
1884
4120
2214
6399
8859
7530
5253
7394
3409
5751
4442
663
1180
2985
4856
8263
575
8878
9243
7954
7497
6441
94
6777
2655
2470
8834
8485
7483
595
1138
9142
2547
8185
5871
634
3737
1787
7051
5831
2964
7443
7013
5982
1377
1199
6431
8899
7407
4016
8439
703
4955
6719
1301
7216
9076
9718
1445
6567
7590
6606
5574
2278
7571
9033
6422
9995
5003
9649
9041
7895
7687
3792
427
1994
6590
7800
548
884
5368
8750
5852
1567
1176
3365
335
4816
3427
6354
387
8621
4031
4116
1255
3954
6458
4877
4503
1584
9677
9046
8875
840
1565
2037
4090
7569
617
5487
5670
3313
806
1712
9731
5196
8772
5263
6131
9799
5845
1961
9313
3617
1328
7806
5397
5941
9151
6519
6547
9152
4908
3004
7810
3047
1178
7591
3894
2050
2605
7723
2405
1608
5270
3696
8891
1487
1877
7740
6830
5962
175
6248
4181
4895
9120
8084
8037
4962
3946
2162
5510
5422
4297
3999
3234
3188
7176
8053
5301
6338
3562
8926
3387
2212
6362
8124
8892
1390
7042
5399
7792
3290
9855
9863
3123
3174
5914
7395
9891
4871
2204
8796
9882
8056
329
4789
9501
2257
2141
3758
8327
829
1125
7496
2905
6796
8852
9479
4478
3694
8201
6617
7857
5416
441
4869
1934
2332
6667
719
2199
9902
5260
3635
9230
1482
1753
4471
5038
9796
596
3980
3565
3311
8406
6254
542
9290
4015
2785
1731
4579
2765
6271
1469
5673
6869
2747
6337
6046
773
3742
8939
2876
6761
7616
3906
5830
3451
5721
6779
7240
4520
7489
992
4658
6637
8515
2786
6929
2438
5189
9874
7861
8299
7882
2759
7969
1522
6883
9591
3150
9589
2311
2539
1828
1221
3218
6121
4589
8214
6825
4638
143
4292
4631
6395
4840
8146
9239
6546
8409
7872
4383
5734
3857
8199
4265
704
7809
2518
5327
3393
2445
5070
9729
6982
6316
4919
1883
2937
6420
9019
9138
6915
1903
1456
5480
7507
2480
3275
3901
4368
6035
2389
1099
7007
3363
471
946
6178
9446
626
2206
9235
864
9643
2725
742
9346
7749
9017
4680
7000
7173
5286
5050
7739
1332
2581
2134
8062
5214
2283
9009
6465
5326
7317
209
5053
3337
6055
4047
6101
5406
1821
3049
7824
9813
6394
3164
7344
9895
5692
7648
5958
9064
6359
2866
2344
7367
4014
5374
1612
5546
208
7981
5780
9658
4035
8871
910
612
7066
7884
7153
5239
2729
5618
1670
9048
8051
7244
8650
4235
7639
9679
9624
8817
1467
3701
6226
7613
8771
3470
670
8545
2692
2771
7642
8172
4839
9639
9216
916
994
1560
4632
8731
6470
6933
3761
7321
9179
2521
6216
3622
2447
3058
6627
2766
6460
5952
3661
7805
3217
3876
1465
721
347
782
7283
33
561
1515
131
7979
2963
9602
8574
1362
2559
1413
7350
2632
2195
7781
1646
7578
6737
9165
5879
1666
9880
8332
1096
2651
7880
6629
590
7040
3870
8339
6487
9447
891
915
7750
5106
4960
3312
8137
2939
1831
5609
7766
1092
2274
2189
9645
5460
3583
3674
4769
4208
1336
4987
8938
6255
2868
2591
1182
8465
2354
4259
1965
5837
9932
2925
5664
8916
4650
7090
8045
5287
6605
3653
8657
2538
5067
1264
5492
5024
3160
5412
4358
7773
7902
481
3591
3545
4540
9115
9392
6749
635
3309
7225
2822
4581
522
7027
8755
9555
4172
6505
6160
9753
8425
7005
2492
8607
2055
2726
5136
9364
2443
8459
4119
1149
3871
556
7950
13
2435
5935
6195
9099
6402
4943
5580
1745
2864
6642
7659
2287
1169
6147
7651
7199
5983
4277
1761
7724
8209
1440
2291
9421
9312
4230
8273
724
9956
8469
9232
4020
4115
8166
7951
662
1063
4079
2138
1892
2764
2906
8660
4456
3039
8082
6731
8156
7520
9594
8373
6148
6038
8775
2119
188
5543
5451
6472
325
6942
1344
9409
9083
5284
2167
3818
7918
4311
2895
5567
5883
3304
2242
8568
7762
6523
7533
1545
6894
5469
8920
2441
8371
8896
1400
448
1649
4617
2831
7999
681
9126
1594
2995
4050
1187
6347
75
7248
2617
8105
6246
6007
1265
5848
4480
1473
9160
7275
2476
1737
5125
6077
67
6997
4447
9755
6943
682
4906
4152
4797
5040
6500
751
4487
8858
1726
5688
6021
2784
4385
8464
3693
695
7962
948
4759
5835
4077
1155
6954
7980
5426
9317
7235
7996
7022
9059
5576
1596
2464
6436
5498
686
9127
5111
5015
3697
9463
9423
4535
9609
3482
182
8782
9585
1357
8581
2550
3001
5004
2740
8937
8162
8644
8505
3885
2115
8268
2946
3596
4096
4468
6843
8375
6186
7441
1320
451
7958
3398
5010
1922
2017
1610
2388
1110
8190
7459
6318
3005
710
8786
8296
3361
1162
8286
8996
5817
8630
8564
4169
8983
2039
6106
4293
7747
9401
9735
3221
6518
8458
4394
8405
1474
571
509
4133
7856
8012
6886
7820
8542
9355
8508
3006
3522
3293
8835
4804
6958
9970
8869
7575
7296
7033
3993
9186
7640
1126
5051
9436
2762
7903
1359
5001
625
5815
4178
3118
2076
5086
2084
6386
3612
3415
7916
9307
3364
3929
6814
9090
4787
6443
5923
1081
3891
3497
572
986
6459
808
3168
5811
7473
5833
2248
1080
467
7120
3142
9461
1671
1642
1621
9835
2043
6251
2532
3499
2255
779
6340
4972
3048
6783
3552
3934
9737
7864
9898
4304
966
1732
1755
4179
4823
8832
9963
6308
6875
141
5617
7548
8221
1631
8378
4161
611
7531
498
2561
1706
480
4013
9827
1969
1785
5103
2542
9157
6240
5687
391
8210
3145
8794
6321
179
1766
9282
4860
4515
6622
80
4258
9557
2314
6908
7671
7909
7565
2383
2403
578
4352
269
1919
7224
4291
5698
9108
2668
9301
7725
5033
2919
9145
3606
2838
4836
8622
5187
6351
3215
9983
8347
4697
3219
2340
7545
8780
3762
5710
4809
8562
1859
6335
6374
2656
3286
1461
1421
2673
6224
6110
3687
8708
7485
9478
684
7116
7977
5091
1813
3843
593
5022
6644
8215
3124
5349
2710
7401
794
7862
5310
186
3272
2408
6689
857
584
4445
3766
154
8854
6334
9909
5403
4188
7465
9082
1085
1777
4577
8600
9208
9297
5409
7894
2717
5162
9121
6921
783
5386
3898
2398
4068
8873
3263
5383
4474
4894
7677
888
8094
4537
8594
4054
6301
4937
4934
2164
9842
5965
5371
5771
8778
1674
2848
4727
1491
7165
4348
6542
61
1645
7134
4977
9238
4729
764
7929
6072
3165
1901
5155
1574
4562
519
6018
1004
1219
8560
6767
2440
1856
7209
4086
6005
5465
4156
4835
1283
9716
739
9201
7302
8513
4926
1585
7161
1845
9412
5762
6330
5463
9542
1937
5170
9205
991
3702
8112
536
3336
3713
8965
5461
5420
6860
4134
2999
1791
2593
9199
9172
812
6585
1097
706
4677
6027
9319
1812
9390
3643
6424
2301
8034
9277
9867
3247
9220
2072
2222
6619
1415
6655
6854
6564
4945
9929
6168
882
7147
3155
7192
5595
7519
2263
282
2998
384
9294
348
5713
2783
1104
9144
5164
2294
3240
1719
1963
5259
4122
5320
3534
8015
3887
27
3279
6583
5269
8944
1967
2566
5669
6237
979
8208
9036
8496
6202
5665
2327
1682
6461
9751
5706
2734
9276
9264
1843
3809
3285
1970
6717
3996
4614
6198
7617
9917
2923
5353
6200
9801
6955
8956
3937
4
3443
5755
7168
6776
6587
5158
4947
5971
6721
7910
5570
9329
3543
1020
8059
887
9868
7858
2901
1863
8057
3192
2127
5302
3819
7355
1513
5366
909
5967
5025
3439
7448
7097
2475
9177
121
2419
1906
1392
3858
8538
7828
5919
8662
1687
6011
1837
2077
4146
7493
9118
8270
863
2742
9259
4741
9903
4640
8103
6996
7064
7264
3213
2375
5348
2689
868
9611
8961
911
3253
3877
2792
3691
3874
9556
7576
276
257
9696
9136
8543
233
8229
9819
9008
7823
5261
7114
1800
3716
6
198
6800
8127
6041
6440
4149
8980
5976
7031
8058
3953
5968
8699
5783
1580
1714
9217
802
4620
6284
3029
2478
9109
1727
8773
4087
9756
8067
5900
1018
2359
2415
5717
3132
5211
4473
7708
8312
8298
7469
4593
3922
5824
2693
2754
2502
5633
4486
5998
4218
2395
1705
7432
6645
116
613
5793
9246
7855
8081
6350
9490
2069
1198
3449
7711
4762
291
6691
6113
2009
4279
7690
216
1261
9802
2163
8905
4276
5016
5408
8020
475
819
6972
6201
7341
2989
2374
5804
5945
9323
6693
1928
6127
6746
6323
7885
6787
4755
8702
7791
53
5745
2371
7068
3296
3637
1214
6066
9465
5087
7827
1242
2826
4829
1632
8086
7447
5363
1614
531
4027
6252
541
1867
4853
5402
9628
1636
9686
107
6416
3811
4062
4775
1269
9310
4575
2712
1870
8706
8155
2426
9952
1427
4705
8092
7793
8287
5344
1655
7504
3765
1457
9143
7213
3528
1542
4229
5592
805
2719
8910
7615
5448
9245
267
3314
2237
7634
5750
160
2004
2578
8443
3963
7867
7309
9028
397
1294
5401
421
1194
4325
1404
1623
8211
993
460
2912
7905
3412
7163
7094
4006
365
6051
3707
1553
8524
7753
8429
1997
5878
7764
3069
2210
3624
420
7619
6959
2213
7238
6262
2247
9470
5414
5393
6865
5520
7398
6774
4675
8241
3077
4465
6026
7143
1562
103
5682
8529
9242
3839
2088
512
2797
9844
7495
4407
4884
9794
3191
6083
2322
2531
7470
774
2724
9442
5264
4024
5602
9599
8902
2376
4717
3907
9662
5049
2483
1703
8690
3886
874
3548
8415
1316
3440
1049
3452
79
964
5060
4841
2098
914
5477
5400
3350
1932
747
940
7614
1609
5620
220
3183
5294
2520
9091
7860
65
7364
3915
1472
3932
3018
5338
7403
2392
5625
8824
2300
8080
7785
9907
8392
9079
3460
1139
9166
6864
3203
7417
9020
4424
3292
2302
3806
5720
530
495
5503
6140
9723
1083
9532
161
1527
8391
3555
1131
1728
5582
5300
6823
872
7329
450
4002
1869
2524
405
7270
3436
2772
394
2683
5668
4211
5381
7732
9858
973
2993
1331
4038
7636
9537
200
6706
2607
9915
8064
3339
6507
5129
7424
3627
5819
5075
3308
4983
3652
7906
8606
8925
9363
8648
5984
2460
4224
1924
6892
1806
5056
7960
602
3883
9797
5152
6358
63
6521
9695
355
5485
1690
4405
6607
3794
9480
4740
4063
7782
788
8717
294
3056
6486
6477
4283
947
2277
5978
56
9694
980
1388
6447
5298
5098
4523
6963
6149
9931
4316
418
4992
3204
5236
9095
945
6762
8438
3863
6124
3864
4795
4455
3458
47
713
412
6782
8019
3976
8947
3776
1375
9389
1578
1710
2022
5787
9354
7986
8608
7190
6267
8763
7108
8841
9237
5078
349
5419
8757
6509
893
5505
2702
2038
2346
5018
5224
2582
8365
2698
8966
4167
2541
7206
8168
8506
2382
5474
6747
2575
7968
4139
4507
7222
2718
4271
4339
1464
5686
6180
5644
9691
9078
2736
9141
7998
8534
180
628
1823
8076
9757
3103
1165
4501
4282
4648
8289
5889
1707
3267
2446
8445
1475
8948
5564
7775
5385
3603
3549
9563
3838
1204
9075
1681
1904
5245
7205
4490
8615
7011
7178
6578
6889
3655
6388
9924
5749
446
1325
5902
5904
3328
4022
638
8442
7122
1360
2950
1696
3070
2006
6995
9740
8595
2235
6664
2068
510
263
6834
8555
6466
2818
1226
3360
6582
4285
3136
2000
5929
4067
3538
3100
393
2696
8206
9958
7049
5151
3992
6688
8245
4971
5767
2529
8923
7681
1197
7532
1720
4553
8792
9284
8368
4941
9182
852
9103
1248
3641
9280
621
529
5818
5874
8351
7650
1330
968
4255
1208
4832
6020
5938
2781
8136
8752
4048
9344
9982
6658
1022
5147
831
248
7032
4180
1398
242
9368
8269
9693
6818
7029
6696
5332
8587
8324
8253
2097
9176
9896
3109
2893
7318
5279
4458
9183
8217
9925
4145
2900
8388
4186
6107
270
3884
687
8282
5362
2370
6984
5297
45
5521
6589
7449
9666
3570
6283
3589
1663
2957
2244
9554
3837
5702
424
4021
9094
4449
6483
9778
2008
8578
5115
696
8322
7172
5121
8533
8363
7933
6001
7807
166
2239
9161
406
4204
4441
4599
2390
4585
880
4661
8633
7073
1371
4693
4757
183
2272
1905
2154
2911
1444
2704
2203
1498
8337
8909
6847
9444
6174
4498
1441
1244
7812
8436
472
2535
149
5956
6990
3127
226
824
4944
6193
8749
8625
5604
6169
6118
2960
8808
6256
3404
2916
5105
5185
5560
1245
1627
9403
3441
2667
4917
413
587
6065
645
9833
3156
8356
8520
4974
5650
2032
3805
9623
9692
8949
4361
878
7633
4847
2309
4821
3593
6994
1968
8551
7102
2555
7294
465
3787
6727
9482
4343
1605
8735
5388
8355
298
8244
3526
3095
3487
8139
4691
3899
3205
2499
1148
9486
7008
5959
9407
1086
4318
4262
8006
9570
8402
9986
8471
9509
1462
6636
8627
2116
287
841
9922
7207
8504
2349
4381
1930
8303
6352
2676
9712
336
960
6048
3248
2096
5898
5951
3676
1272
1770
4329
5752
2228
6579
5999
1571
4303
4662
4452
2018
7853
1782
1070
1810
1012
378
8580
4151
1801
2350
6819
5613
4899
999
6220
5254
6434
1793
3890
8161
9351
1048
1830
8649
8344
2060
4641
1966
2323
7357
1786
1816
4652
5229
4459
5722
6679
8047
5759
1858
2364
8175
3289
5548
6057
784
9941
87
3416
5415
1678
1318
3414
2328
777
4854
5288
7065
8992
6328
6396
2394
8753
8042
7679
193
7439
3812
1420
261
844
6074
3081
4670
6170
6491
3419
5404
525
7303
2339
8654
9164
7776
7491
3422
5491
6684
6462
640
4811
9815
8422
3043
6612
4793
8078
7869
5423
2159
6850
4356
1434
2806
7521
7062
1572
2988
3678
7281
5360
1340
4098
8143
1348
9776
2803
6662
7925
8552
1170
9521
8272
5506
3782
4138
9229
7819
3108
9901
2401
8
4233
1402
8381
7930
9533
8728
3645
8975
828
4308
8219
3450
1940
8988
5481
8748
2870
7558
2010
2761
3079
2727
6588
5926
1326
8340
7204
221
9414
4226
4770
8675
2634
932
9627
9274
3135
6753
8212
8863
6214
3957
1792
4790
8478
7115
7422
4826
9445
3563
3729
4726
9112
5127
2342
8822
6173
8311
266
3008
9894
5807
856
3763
2453
1952
1213
6998
7922
3972
5843
70
5709
5566
2839
3187
7133
2074
1948
2804
6189
3037
172
7091
6004
9189
2003
6525
7249
6677
2424
1873
2589
2890
6917
7871
1442
1396
4878
3741
4463
4667
8470
1660
6554
54
1354
5490
6067
1143
5168
6981
8696
2659
3575
5219
9262
1300
8089
2554
1027
4036
8258
3595
7063
2752
8187
1523
981
7780
6144
9044
1016
192
2894
1286
8285
5607
4113
189
118
1933
3129
9622
4419
2519
3298
150
5276
9512
975
9635
3277
275
8911
8117
8546
6199
4505
9070
5382
5096
6725
5232
7010
7815
2757
5740
1293
5672
9785
326
7354
3210
4609
7610
4949
6580
9545
9527
9832
6167
1220
8895
2984
6209
3137
4209
4764
1067
2292
5997
9281
1291
9638
1739
1055
1954
1159
2791
8441
4544
7182
71
8077
1028
9994
5265
2128
6157
3444
6744
8867
4124
1679
9564
8589
8833
401
558
5556
3431
5222
3125
9605
9550
7966
8116
4497
1984
7380
3323
7347
9383
1757
3893
8000
2716
8450
6841
6638
5588
2124
43
585
917
3695
2930
5450
1137
7852
6183
3092
8836
3572
8462
428
3220
8183
3447
6884
7898
5417
5357
289
8050
5041
6511
8240
2756
9467
3388
3600
1054
4345
8290
6551
2825
8732
1425
7566
2320
4044
6430
5614
8884
2682
4710
8408
629
4704
7034
6734
6765
9581
8133
8795
7983
740
1480
1298
8232
7472
6496
346
3349
8658
7251
8614
9168
4481
2509
7556
6114
9171
1050
9266
6799
2054
835
528
4351
4101
8319
147
9534
1833
4678
4190
9725
9270
48
6222
869
7220
2745
539
9305
8255
1258
444
4709
8236
8604
7701
4238
6423
848
6656
9923
6245
2423
7019
4321
3558
6926
9940
285
7523
9904
9515
2570
7644
2966
3657
1822
963
5996
7083
3959
2953
2669
7402
9978
8585
9845
8489
6913
7039
494
5891
88
176
7381
8431
1494
6375
3994
1862
3613
5378
6151
6681
8132
7985
7405
5
2123
661
9529
8165
1364
9551
9999
597
8709
1309
2601
3783
5172
2513
6143
339
3473
6672
2860
4135
8787
3726
4798
5046
8767
7649
9803
534
2631
9884
7119
507
3535
813
1528
5760
4682
388
9010
2472
9663
9761
5218
4615
4200
5733
8121
1616
6155
1526
5358
9826
9870
3494
6817
6896
3722
7907
2330
944
6010
2145
2271
4626
1844
7518
2337
3467
9792
5776
3333
2587
1675
4102
2746
3847
5805
416
7024
7212
2093
8879
8800
7288
2183
9572
7411
814
322
2353
1428
5069
9773
8588
234
3007
6905
8942
7274
987
4346
4182
4864
6833
3098
7488
5529
8886
4720
6669
6238
374
3121
8827
8151
3371
9872
3201
5990
447
178
7515
6093
146
9846
6978
4601
4017
8904
7886
1550
1486
9450
9311
7246
4605
2671
4684
6888
1762
2442
6596
1866
1950
2367
9881
5291
6534
4891
2034
3984
3662
4353
3397
8292
8468
7326
678
7767
8666
4066
1913
9818
7046
702
4991
7197
215
1168
5862
6760
2029
9218
2151
2658
6601
7124
7535
12
4541
2193
6510
9292
1403
5550
6570
9025
3089
6146
847
4978
3618
8386
3225
5482
9771
6646
5866
8338
9452
4586
399
4655
4837
5380
1147
599
3845
3605
9744
2290
9180
1988
3720
5797
9139
9005
1173
5856
6675
9300
9247
5002
5037
5488
6944
1554
570
9195
302
9304
8889
1747
8995
2677
4766
2297
6192
7759
5806
7041
7866
2775
6980
4417
1065
3602
8714
7844
8976
4216
5177
2261
881
4401
5017
2595
1108
3176
9474
3105
2611
8919
9668
8830
3506
3143
1941
7743
5652
8096
633
4207
712
7789
3608
2396
1254
3353
6704
5184
4197
5606
9920
903
4083
7774
9167
1829
3772
4927
6244
1052
6501
9341
6425
8821
202
9525
2325
3888
9787
410
6595
7967
2648
3491
9003
4594
8638
4284
6543
1634
119
7085
3370
825
7505
6539
1957
514
409
9697
1695
4191
6552
3207
7549
1900
9617
5615
343
4745
8456
8856
8114
1078
8333
6861
2527
2723
3541
6769
2991
5949
4801
922
8204
3774
3086
3962
31
3377
6780
6367
5512
8011
5044
3148
679
7015
5312
2500
2832
8977
9113
9614
589
7138
6862
9418
5964
6410
9231
7217
7572
2515
7528
6925
3813
8716
7738
9376
6063
7588
6142
8421
1369
9302
8123
4733
8154
8293
8665
2139
9087
4645
1889
40
3227
9018
4701
2715
496
3590
7539
6463
1175
6952
9866
3900
1982
3020
2336
1911
4513
9065
2534
2815
7177
4234
2638
6322
5118
1327
6524
6372
3928
6225
7413
4464
7543
1620
7825
692
5812
9132
4326
1045
3484
1804
258
7760
77
8535
6221
6529
7333
4595
6839
4862
9101
4736
4574
6566
1635
6281
650
8823
1102
456
138
5663
7838
1105
902
136
586
4610
4857
7322
4996
4950
8153
5894
789
7870
985
73
1677
2512
7467
5019
2450
3171
4130
3167
8500
2232
1583
5043
2691
6054
3642
843
5455
6975
3255
8783
7139
3321
2106
6504
7567
1225
2753
2114
6324
5995
7957
3354
5635
552
6866
1288
6558
513
6792
7048
5969
1172
9514
6976
5318
5323
8741
3068
6898
6723
1127
1920
4350
1661
5849
6381
5884
5303
212
9326
5535
9596
2959
5351
9546
2846
6097
939
3748
4773
2234
8997
1543
1597
5742
9804
3485
2865
7718
2614
846
3851
4763
8353
9081
8929
1207
705
3654
236
1493
2584
2305
2479
4772
2896
9067
7078
8308
125
3106
5039
9308
1549
2223
1240
3556
9485
9854
9427
6218
8598
1593
770
9661
7673
6306
603
1564
6932
2608
6516
1568
630
7752
8697
1853
8903
8613
7117
8070
7358
1181
4137
49
1839
4437
3158
6732
8288
5912
5237
8261
6899
6698
5621
5573
1373
2622
1119
5790
4499
1120
8098
1507
1140
568
9524
8661
8335
3340
7219
7479
9680
7047
7550
2331
9910
9962
9788
6878
4612
8178
312
4023
4681
434
4603
8141
5058
2120
3395
6153
3223
2321
2663
962
6824
1926
5558
8651
2598
1841
2695
4646
2728
1157
2090
367
9754
1215
4671
3757
7547
1557
4966
3242
59
4870
2471
1122
169
8927
4247
4965
2412
476
5754
7934
3585
5020
1715
8145
5204
4033
3252
3250
5365
3402
6910
1352
2169
7597
7846
5084
4819
7841
9671
5844
5980
3209
7892
7348
6610
4822
6040
437
217
4981
2618
9128
8110
8262
8115
44
4157
331
241
3767
5585
7695
8689
85
6320
8554
4058
5549
826
152
6870
6058
9921
6427
4584
9100
3138
2165
1796
1717
9027
3554
8393
5108
7446
9593
6922
9856
6999
796
2258
853
1314
4223
9192
5993
1009
1100
7457
6071
6161
4065
955
8998
3131
5499
9998
403
1023
9789
2503
4256
795
4635
8537
5707
4534
6624
9293
7474
194
7277
9496
8788
9146
3530
5296
1989
9848
560
155
1908
3939
3117
1222
6946
7410
1091
1031
3760
5295
5068
1384
8756
3318
1676
5240
9263
5148
455
1915
8372
6553
8556
5289
3878
8407
925
7829
8264
2306
8205
7646
4583
477
1228
6383
6498
2110
6979
7140
6964
7722
7126
2835
9258
4434
4123
353
6890
3459
6344
6084
1035
2811
2862
6364
5796
5578
771
7606
4301
538
1767
5671
4393
1271
1519
3807
1880
931
5544
5563
3075
2769
674
6353
8758
8913
316
7226
907
5675
7680
2246
3579
8184
3780
9889
7653
92
5645
2410
4776
8120
5375
7563
9834
6082
8420
4752
6453
8095
8243
5346
1931
4531
500
8915
2312
6109
9309
8679
978
6069
7087
8148
8366
5867
4476
6887
9775
6091
9607
7763
9122
9426
6000
2259
8785
8541
3815
6758
1447
7412
4219
1504
55
6538
6948
4918
8122
804
4175
4666
2028
1061
6720
1798
7964
5854
3471
2833
7181
4567
1414
8641
6855
4528
752
3399
7218
673
8969
9926
2807
7060
642
4559
5989
5197
301
5055
1953
2794
6789
5379
7293
3488
5092
1576
6526
5667
6647
4690
3936
1266
9495
237
9494
8744
9996
478
6412
1502
9899
5316
7188
7383
7704
6812
4848
6455
7262
5112
2917
9865
5872
7699
9769
9296
2466
4128
5785
5799
2567
8170
4430
1351
3196
1349
9198
29
4527
1041
3134
105
5522
3852
8461
5651
8921
3872
2642
1231
1590
6533
21
1538
5853
3715
6290
6451
9102
5290
3381
5340
8007
3245
8647
4756
5341
2135
1059
5102
5765
8193
3560
2703
1742
4053
5372
5547
8861
6562
5994
466
7778
5893
4637
3317
2880
4598
5816
1260
7638
5850
9349
4647
3714
7081
998
9487
228
3335
3503
3152
5553
7001
6090
4039
7537
6934
3835
5433
4659
6012
340
9667
6740
7714
3466
1972
4543
7106
2456
6710
7052
7541
274
4410
3115
7118
2904
2583
6600
2814
5444
6309
315
8100
877
2046
8727
3080
1408
4205
3656
1064
6382
3327
4389
2182
9196
3512
5163
7512
8417
457
5739
8707
3179
7223
9683
4492
8196
3679
1783
2635
9665
7676
6550
5072
9707
2577
9669
4706
2553
6514
6407
1991
2986
2951
5555
74
6363
9106
2751
895
3088
7144
8230
3916
1918
2641
3455
8377
4281
3330
2615
9730
1058
1685
83
5518
9219
3732
5876
6599
5085
4176
861
3348
1417
1864
7389
3860
3319
219
6282
1399
7931
3912
2217
2042
4954
733
4328
6154
1912
1253
4081
898
35
3062
7517
7035
7923
3206
3736
9985
290
8349
464
8009
3465
5005
6356
7765
7313
5173
6756
1814
4109
997
3816
9507
3685
2233
1205
8463
9215
4588
5278
9760
7299
5931
8069
5131
1277
2780
1479
7630
8764
2133
4881
2576
1401
4512
9726
6831
414
3420
7026
8550
9249
6593
6206
1439
8820
6339
1683
190
7587
9873
9750
1077
9892
6711
3034
7936
5054
4885
4834
4629
296
9573
8448
7580
6503
8876
2940
6873
7020
7694
9330
361
8687
1860
3673
6138
4327
3280
8173
6949
1617
317
2147
137
3438
657
5629
6400
3316
1524
6628
1640
8088
6953
1368
7030
1759
1386
1855
1517
559
3650
4342
651
9014
338
3628
8329
4855
5336
9960
7265
4485
9987
3926
7573
6406
1106
9443
6592
7928
608
7839
6419
766
8712
5395
5948
9577
7620
3759
4299
1432
6234
2972
6815
3977
3356
7109
2935
6081
8576
3700
28
9197
4700
554
822
8540
7210
1164
8561
1281
3122
6745
4404
3401
7021
3517
6912
6369
1089
3096
5508
8477
3869
1506
1128
8898
4580
5356
9053
5175
6506
2219
9859
775
2705
7191
279
936
9170
9038
2798
5429
231
544
4879
2730
5888
5220
9939
7627
8586
8305
2882
1921
6181
5387
9989
5758
2661
1851
8845
6482
1891
4440
9092
6428
9206
9993
6916
9456
4818
5094
3588
6874
6739
2186
1280
5887
3744
9807
6014
6023
3208
4831
7352
6188
9505
2136
6152
729
6957
3338
3172
4656
2700
2556
7149
2057
5705
2646
5763
7688
3865
1449
4153
1324
5471
5939
564
4592
1062
3023
1329
4888
9098
7132
8140
7098
830
4587
4461
2684
3161
8171
933
8934
716
517
5972
3684
787
5730
2085
8126
8523
9912
62
6701
4071
4400
5137
9947
1975
5183
9685
6272
7151
6100
1736
5638
7628
5591
8074
8729
3940
8265
8804
6715
1776
1313
5920
2358
8890
1153
937
6757
3905
965
3474
7500
2670
5855
623
5513
8251
8573
7744
6125
8434
6185
4111
3531
2455
6102
3141
8668
6680
1446
4796
9620
5658
3288
7845
6070
2448
195
2188
7156
7803
1333
9278
8819
3078
377
204
5309
8883
7231
7230
8283
9225
1556
4150
2369
1282
8526
1393
4536
5885
579
8213
6557
3097
6692
9335
5062
7712
99
4457
1704
2690
8813
2823
9548
1929
1899
3578
9483
6250
5697
8118
7180
8276
3026
1942
5533
7635
1101
4217
1637
8014
1641
9150
1909
6223
4274
3146
4845
3825
1459
1262
9471
2977
8362
3042
1861
9155
2548
8364
2094
6826
3698
245
7798
4722
9520
1488
8107
7298
1499
4367
2899
8099
731
9210
4548
2209
5322
8516
3261
7146
4569
5838
7187
3911
6177
5090
483
7938
6315
1521
4909
583
2596
4653
9135
7160
3513
7715
6685
4506
2075
3753
658
8101
115
9935
9071
4052
4916
9472
2414
6586
2080
4791
8530
9971
1284
16
5829
2557
9508
3369
3824
4590
8914
4376
2180
9604
8769
6712
271
9040
7373
1190
4566
7427
5277
518
883
4806
3775
3033
281
4160
3076
2733
3793
4475
3604
6296
3830
9615
5201
6611
3842
9214
1406
6965
213
6464
8075
3773
153
7949
8700
9824
8765
3130
4902
8694
66
6751
8403
2081
2185
7285
8252
4078
3254
6481
2528
1380
1758
1285
386
9424
9966
7492
4268
2317
5210
3677
7875
7319
3532
5205
2303
5315
1250
5519
5868
8591
627
8943
553
3708
370
3897
2393
311
3322
9256
6914
3175
1857
4508
5803
432
582
3425
3768
5107
6778
6793
7555
9378
6285
8277
5677
2031
5678
5626
7363
6030
1611
5511
4037
8072
7460
4106
4129
1809
549
2265
1743
5500
1275
7273
3021
9523
9592
610
229
5071
1276
7745
4923
6415
4532
3633
3426
15
5735
8582
4718
3246
2329
9853
4767
5538
4932
2849
1735
5718
6634
205
7709
7320
5571
8940
2610
6103
9060
2982
6047
5407
8539
8684
7155
400
5343
6871
6653
6389
6918
2633
36
7409
4568
9588
9632
1664
5313
7200
2748
5244
9821
7228
7164
7435
9597
9780
8482
5534
7890
5723
2487
2152
2845
2064
9857
9706
8972
8358
8073
1541
4596
308
6037
6863
8159
8260
4483
5030
4201
9640
3986
6752
106
3084
9681
2236
919
5081
4674
3529
4319
4564
7404
2958
2573
9361
5689
6941
8776
6002
2913
7833
1815
6931
8390
6670
511
4651
8054
2196
9451
4049
9809
7758
4001
6095
493
337
4306
6909
3749
8617
7141
3417
9519
2844
6620
5436
3724
8301
5653
4464
6283
6101
7012
6402
7032
3683
503
8254
9247
1470
8807
20
8060
29
1274
5840
8867
9664
5130
3052
6126
4848
1564
5053
6974
8773
3395
9336
6814
2751
7800
9716
6227
6872
643
2565
5988
1814
4151
8557
5936
9294
6893
1327
7642
8681
5713
5125
442
5571
6015
3397
6620
8310
7135
478
6991
794
6654
9028
125
2520
3234
6552
2071
6067
9845
5402
9017
8571
800
6825
1760
9549
5586
1954
9950
4360
7821
6973
9183
7063
5213
9209
2466
3530
2539
6140
5467
3041
59
2300
4507
9995
4069
6456
7527
1239
3117
9310
4713
9740
7215
4348
617
9812
5492
2975
8184
4271
4444
628
897
6308
8412
914
7822
3697
1671
9769
4487
2651
7868
4172
6269
2394
2316
4207
2081
5169
6532
9414
6292
8665
1894
2628
4600
193
6966
3763
923
6887
1584
7064
8504
610
325
652
2568
8450
6841
5831
4827
4176
4916
6376
1850
247
4772
7654
2350
1640
8843
9003
7260
6499
8277
2560
4378
7358
8098
3209
5460
9186
9360
3416
9560
7347
5643
6389
9618
8970
2305
6332
8279
5526
9743
90
3729
2323
2013
2344
42
5056
6498
1733
6497
2204
1742
2468
1838
6166
3085
3923
5448
2916
1639
8722
5818
5052
1316
3987
8225
6689
9931
5361
3871
7520
6772
1927
5251
4571
3616
4809
8267
3681
8620
1773
2673
1343
46
2471
3490
7637
7493
6918
6862
5781
7432
3974
3510
6044
3860
2740
704
7502
1597
8614
8632
2945
7818
6097
947
9964
333
8453
1059
9011
9587
9475
5338
7908
3468
3372
5584
8339
1938
8207
6302
632
2877
9639
5558
7542
7340
5060
6348
3666
5122
1357
4350
6364
4213
6151
9346
8041
526
7429
5903
2072
9291
2282
7280
586
8128
838
5337
9709
8249
9168
8744
5110
2481
912
2858
9566
398
1062
1587
6491
5041
8906
2785
8213
1869
388
1443
9466
137
1690
8052
5174
6819
858
9055
2966
3458
1280
1482
3791
6068
8543
6119
7879
6906
5247
6749
6172
8636
5293
9079
129
9896
9046
4725
8408
1643
7844
7120
4959
3749
9491
1746
8882
9338
4593
7593
2929
8100
1978
1734
9956
6477
3599
8899
5759
6930
2559
7649
9
1298
8478
7435
1355
2117
6674
918
1960
3565
4317
4124
1992
9849
5054
5324
1094
436
4474
654
249
3273
9581
2941
773
4192
9444
438
4010
5731
7807
3615
5340
6128
1169
8526
8286
1081
3143
9868
1886
7838
1499
3199
524
3728
5414
7009
8974
3501
5908
9959
2796
5225
8793
517
4120
4925
301
6518
294
8492
1437
4046
7610
3766
1285
3275
4594
7665
2904
9174
6155
5084
1513
6475
5265
4903
3813
5993
944
3558
367
5198
2837
3797
1001
6833
7600
2574
1953
5837
9404
1410
9841
3157
1977
8548
6002
7726
356
300
4291
5065
3366
1444
6445
4336
8500
1546
5267
8508
296
8846
7824
6102
5221
5105
6087
7472
6061
6908
6165
4995
1738
7317
5935
3608
9997
6209
9537
3824
8159
4035
7845
6959
5711
3648
2115
2334
1014
588
6464
213
5277
1406
1096
1680
7073
7111
5047
9267
5954
5025
2613
753
8775
4874
1381
530
9612
6626
6073
4410
3258
6234
9975
7521
7117
3230
8072
6266
2331
8110
5098
6444
5282
2470
4616
9691
2646
1211
1835
7621
3623
676
4987
7015
3069
9663
8498
7379
8761
9757
6800
488
4014
8861
4285
2727
3505
9539
8667
879
1620
7597
1911
9911
7316
1779
2529
5019
7652
6297
2167
8118
3488
4356
10000
9273
8958
3744
5312
4886
8766
9406
1106
8709
6079
8305
61
5228
4498
3242
1583
8495
8868
9210
8676
6084
9668
5847
7395
8283
456
3140
4484
6001
7323
3224
5102
5258
2748
81
6633
9231
420
5748
8859
5573
8384
400
3777
5459
1936
8351
8044
2107
9945
3265
4174
364
3141
4743
7038
6496
3606
7507
9600
8966
7886
757
6476
6352
7353
5516
7783
4337
7828
8743
8018
2361
1462
5636
5481
8798
8134
4575
739
4496
2306
7445
3105
246
1903
3755
4333
2291
2268
3252
3817
3540
655
9396
3274
4471
5924
8565
1227
2913
956
3229
5963
2937
2435
8111
528
8280
8854
6047
2531
6467
54
6976
1762
9890
5520
520
3152
7197
4331
6285
5027
9014
7717
9536
7638
6108
2049
7543
7426
5377
7893
9347
2026
6777
6520
7961
6241
4686
4724
4691
6479
2853
9969
3246
5239
348
4744
1699
1873
639
9615
9962
1390
2989
3574
7695
8239
276
101
2333
8216
7155
2735
9251
7057
4508
7584
7708
1438
7241
8386
3349
9478
1293
7855
645
8837
2298
786
9624
7870
3499
8777
7256
6284
5470
9948
2403
959
4194
2438
1457
9171
3768
1890
3819
5602
1091
3614
6157
5739
7329
1301
8755
3405
1450
9506
6851
9908
17
5034
1988
5318
4666
3109
8271
637
6628
575
4391
9883
1048
1861
2498
1551
5709
5223
9258
5890
8217
9635
8953
5199
470
937
4880
7552
1807
3037
5775
3192
1077
4034
7077
6345
1050
3084
6413
1647
6582
984
6601
2434
587
6448
2354
7174
3101
2229
1449
1160
6214
553
4268
4922
1991
5789
7560
1338
8034
2965
3903
3969
1949
258
4524
8637
6346
5472
4379
4485
4228
2088
5950
4233
2119
8057
6258
5996
6704
1914
1146
6488
4494
4385
3269
7956
7837
7031
9865
3506
8264
9921
9880
5435
1231
2845
2501
8649
7758
6844
4448
3927
2073
6056
4514
228
4990
7750
4841
8015
4891
5334
1249
10
5023
7043
3233
7045
5129
8672
1171
8605
2020
7522
7797
3965
6732
1084
9121
8848
4252
4164
1065
790
9287
1010
4458
272
4053
8757
7767
3079
7289
1877
3677
8036
3161
8381
7501
6698
6437
7046
7932
7891
3497
9748
1609
931
9619
678
7693
5451
5144
6196
6450
5964
7080
6470
6536
27
8881
7138
6691
6424
1350
3345
9269
8648
7573
8611
8030
3551
3995
3942
498
5424
7880
4973
6481
4590
1571
4604
4118
8535
6904
5763
4706
9271
2123
3730
7188
5032
2848
4846
9102
3148
1851
2956
2015
6579
8937
1538
6882
8591
4032
423
2605
8823
6942
8822
5088
111
9437
7023
2694
3327
878
8240
8616
1212
649
9305
3637
4273
9961
8243
7090
323
4677
9881
7238
7489
934
6409
34
8785
5037
9764
899
9871
4682
868
6826
5960
2424
2596
4406
8444
3377
5896
7736
5339
1420
2878
5187
7939
1013
7653
6031
1241
270
8344
8385
9195
9820
1276
222
8871
274
5705
3311
264
9848
1314
8940
7421
3934
3649
7181
8619
8093
2397
8745
4405
5820
6213
9892
3694
1347
7763
3695
5898
9366
8934
275
2697
4817
4134
8421
2240
1202
7799
8693
490
8233
9062
8916
7834
4229
7377
822
8448
3339
4845
9503
4158
7176
6458
3316
2285
432
9279
4253
8952
4418
7794
1600
8156
6222
4135
7102
4819
6822
3392
4877
6016
5720
3056
3382
4945
2195
4700
2163
6158
7748
2750
1469
7973
5971
1909
8471
2042
5026
4896
6145
5420
921
463
5829
5659
9499
9073
5745
3508
3237
2112
2543
2067
4160
1939
135
5310
3027
8599
4552
2698
9405
5580
9244
2948
1348
4102
3297
9915
6813
6714
2871
9459
3939
1501
6726
7948
5097
2456
1481
9917
3080
1559
6423
9156
2685
2749
6096
1207
3320
1061
4186
8850
2793
4851
7604
3816
2293
6786
3032
3082
9304
5777
3081
7149
414
8010
7300
2662
8270
8975
8806
3949
8991
2391
9843
2221
1278
803
6530
2703
1200
8282
819
4816
7815
4799
5838
5595
6398
8664
9876
2053
5264
8524
75
4702
4688
3155
5686
3240
4745
8455
3502
5892
5910
4573
5503
3430
3936
326
1649
1011
6857
8165
8023
4163
6596
7759
6708
7381
7382
9069
1460
9054
4678
2247
1905
7768
2032
9315
9041
4749
2556
6512
7419
5245
9314
4761
8253
5200
9353
9922
4838
6846
8097
7040
6369
9190
1910
5226
5311
691
823
2190
7970
2993
4219
8964
832
8561
8919
5984
3268
4086
4897
9283
3881
2346
3526
3746
5728
1829
7112
7986
5349
4103
4319
9704
7384
3592
4020
1092
5961
3423
4184
5703
6478
8090
544
1022
168
3699
8754
9546
1796
8610
987
6223
4704
8513
8087
1591
8245
5014
5981
854
2766
2064
3850
1419
8824
4306
9545
3122
5974
1730
8333
3460
7691
2075
7724
2678
3856
8987
6548
2670
2007
8609
1750
4338
9127
9689
9794
425
9972
5362
9686
6890
7185
9193
6452
386
812
2811
4728
9700
291
7255
1804
2131
4042
332
3417
5235
1036
5286
9790
701
6194
8038
5836
990
1874
4036
6679
9872
989
3784
1464
6885
1713
7016
647
5109
3219
7132
7909
154
177
2874
5682
1041
4951
6246
6892
2969
847
9981
1697
3641
7244
5400
7264
5280
9187
5844
3471
8873
6170
9332
3870
593
4289
3675
9541
5650
3441
178
6834
4595
8708
3456
1708
9280
2667
3402
2756
8627
6492
9556
5685
8758
4372
6751
9284
1650
6561
3136
4345
1594
4247
6660
4912
7075
5151
9443
7476
9423
4953
3943
1373
2365
2579
5378
9610
6323
7866
5634
3812
2490
9738
3191
4811
3478
9452
7590
7229
1000
7680
2932
3281
1681
8475
571
665
1528
2477
9720
7388
3180
9701
368
5094
4986
4206
1156
1019
5865
6651
7517
267
9844
5701
8596
8143
9184
5008
1093
3433
8352
5299
4041
7625
7019
9842
7782
8642
3348
462
3021
9379
6440
4748
7776
9040
5145
2452
2138
7165
9107
5746
7962
7686
4978
4863
6721
9099
2922
8762
9471
235
4156
4316
6287
2095
3829
5909
2882
8740
6032
6280
5440
242
7154
2839
4908
1191
6758
2082
1105
1004
7180
8787
3352
1008
7945
5560
7001
590
7786
4497
9422
9240
4301
5167
793
738
8789
3798
6313
1295
6319
3074
2029
5943
5894
5055
3841
2031
1637
9666
1568
9822
5521
4278
5317
7005
4241
6132
8129
1709
2561
3542
4992
3214
9161
3722
7943
8003
1997
2732
8877
5147
2511
3640
1599
5309
2546
3782
9863
2214
4127
1888
133
2322
4326
3638
5517
2257
2747
6175
8901
5466
2493
8990
6599
9926
4422
3001
2933
4651
1209
4437
2875
5284
9147
1531
1121
2159
184
640
6544
7115
9418
6080
4529
3704
3448
3905
8973
648
6305
5348
4601
9741
8167
6489
3886
1756
5670
1530
8017
882
9565
6617
3718
7689
5430
7925
2499
4400
5624
674
7406
3121
2899
4446
7453
8163
4852
3537
1234
6103
3767
2180
40
382
8460
2069
9159
3807
8909
6383
7588
3554
9980
2695
8928
2426
7947
855
698
3651
2959
5250
4209
5138
1184
7286
7757
9463
572
4708
3792
2384
807
3253
7857
3897
4997
7027
1288
4753
205
1309
1007
8127
7209
3408
5736
2041
8570
6919
3277
2278
6990
3600
8427
5679
7066
7242
2508
3029
392
4259
6907
4527
9707
4267
4947
8405
6282
1739
9306
5568
9354
4232
9597
5368
1719
2070
9307
6995
1633
4327
5000
3900
2357
684
2767
2444
3472
7829
2939
5418
7240
2261
8956
2252
9200
5733
460
2860
9050
9620
9217
3259
1782
8049
2865
9081
3706
4480
8719
8756
5314
945
9101
3163
9756
9090
9343
1233
3317
4077
7467
6272
2263
6586
5550
4090
3343
6915
3839
3785
2224
9149
4796
3231
9282
3962
7389
3710
9125
6923
4106
1424
4867
5181
6638
5260
2342
4923
758
1881
5911
4813
5371
2879
8879
2545
5676
6327
770
8731
3933
7072
5401
7387
4434
6975
1371
780
5142
3439
165
2497
4340
3393
181
9971
7721
9023
7369
4001
1891
5999
3119
8519
3875
8784
9352
5638
6963
3367
801
5423
3523
2910
4479
1323
9027
1047
5591
9806
2101
74
93
4099
5593
8420
1126
9596
6967
656
4234
8202
5856
8608
2100
8651
6420
5978
8497
9951
3282
3391
972
2353
4016
6807
6471
9124
376
1775
9367
7863
3662
104
9048
629
533
4187
905
4211
7787
8236
6763
4906
7086
157
3173
120
2928
3733
12
4308
9034
7407
8115
8534
8652
4792
5754
1333
479
2699
4155
5855
7483
4716
627
1269
7852
1070
8141
1897
9522
2212
1847
9157
2
2647
6433
7508
1815
8020
816
7076
9718
7162
1089
5735
3674
3682
2248
9263
766
8641
3245
2288
8145
2656
9655
2745
9153
4354
1095
6756
1020
8316
1192
9897
4576
4420
8691
6886
5622
7535
9489
1704
6005
7785
4683
5434
5776
7449
9974
9690
4647
3011
9419
7918
8182
299
549
1569
622
8634
346
993
4314
6180
6646
4292
8765
623
1174
3601
2754
5078
6200
7711
6089
4733
9784
3092
7440
1024
5559
421
5511
2395
5496
2893
4930
7526
21
7412
3989
6249
2461
2617
1843
2415
3381
2601
8291
7145
6932
2786
2012
6583
5305
9957
3805
5163
6870
3112
6569
4389
3716
2541
8
825
1603
2702
8771
418
2955
9754
2010
4715
1270
5666
1098
6939
4675
365
8252
5233
881
3515
1147
8226
3992
2755
5396
5500
384
8176
2641
8102
4569
7933
7257
1565
8932
4142
8994
7134
9850
9864
8875
7409
2236
207
720
9196
3414
1415
7949
9982
653
2554
8324
1359
7524
6935
5232
8629
7290
4622
1195
5018
1790
9337
8511
8562
7685
7730
6922
5217
4200
2326
6371
751
6460
4909
4217
919
7170
3332
5545
6538
8512
5322
6810
6226
3494
9540
49
3131
5766
9136
547
9323
909
5079
2225
3489
8387
4752
2705
1802
3194
8908
5645
2014
180
1380
9893
3086
9007
2680
8140
2290
7694
4107
2838
4926
6545
6606
8476
5889
6931
4994
8976
4416
982
2624
9755
1961
7331
3464
2663
7109
6577
9051
8760
6211
1618
7698
7021
3833
5135
9973
3754
2995
7820
1351
2486
8079
22
1570
237
3512
2487
6852
8234
9654
1943
5869
971
5876
4780
5244
7271
5106
6131
2369
8674
8193
6792
5752
8525
2368
5001
9810
722
1006
6614
8433
4122
4572
4093
3947
8658
1544
605
5253
1714
8199
7459
3650
381
6771
6390
1976
3247
5979
3757
6710
4535
7741
4394
1628
4632
5683
7823
6463
6656
6261
2753
1876
4964
9248
9490
2503
848
8895
1046
7779
7020
9413
2310
5833
3866
5231
5918
8171
8370
636
4905
53
6355
6598
2609
5494
4322
109
1221
6611
8104
8362
9877
7929
3479
6850
6589
7603
2181
8350
4005
641
2917
7294
5972
5315
4624
1792
1635
417
3413
6069
8598
9679
9126
8876
8834
2223
3404
7272
2232
8621
3170
3453
5333
9135
4628
7089
726
8684
6048
1875
4895
1554
745
9831
7337
7092
7753
5846
2654
9800
4664
1615
9254
4607
1543
5959
309
464
6778
3452
8506
8968
2035
9295
6286
7853
4066
1616
1164
295
3559
1299
9786
2237
6256
3622
8575
2627
3983
3611
8248
4825
705
9759
9667
4991
3596
1826
8482
2208
371
7227
4050
4638
4353
3149
6495
8311
9245
5241
6831
7700
3858
2025
8764
457
6147
5719
1017
9440
2758
3330
9432
9853
2625
2040
6996
9329
7975
7313
3914
2121
1672
9797
4697
7617
759
1329
8077
7974
2665
8178
8763
2536
3658
3685
4585
4667
99
2044
9977
8206
6703
1783
618
158
4864
5734
2381
5849
4370
9628
6909
1882
1613
2183
1710
1787
8606
1398
1996
9236
3874
2566
3855
5038
4720
6927
8230
3042
1958
799
8887
9826
6388
3588
4982
5195
9804
3444
5356
4363
4606
9316
9177
4161
6557
935
8227
1837
9626
1112
5350
2428
8040
6418
3970
5574
6880
8780
4290
217
1849
379
8168
696
8431
2968
3449
3158
8590
8808
8082
6370
852
7091
7671
717
6864
789
8440
1480
5354
5588
7723
2655
2270
8805
6916
8538
3513
401
5582
476
15
280
8187
171
4054
7663
5732
4149
4879
3068
5497
4889
9778
7378
2589
1906
5778
748
4976
1856
1311
7404
9919
580
1310
3776
9120
6672
4260
7022
7904
895
9162
3015
4462
4076
9525
5617
3808
1247
3852
7854
4057
9524
1114
8360
1101
1998
8742
6795
6978
4352
4330
3276
8950
3169
8095
3894
293
1489
5783
4296
3607
4673
9888
6238
1494
9084
5816
3740
2262
8920
4996
3532
2304
3099
917
1542
4025
783
6339
350
903
3581
6045
140
5610
1185
8466
5502
8712
8829
105
3120
760
1656
266
8196
452
2189
6277
8714
6357
2340
2573
1933
625
6487
3788
7088
259
8507
6171
1448
7194
7312
6159
306
4115
8074
3721
9300
7900
5795
2312
3162
7856
4902
5530
9140
3991
1073
4577
3955
1728
3912
6501
7368
6384
511
7869
2149
9617
4961
8454
4049
9807
3518
8583
668
6884
6673
1795
9212
9180
3212
2066
4627
5897
1031
4173
2244
1363
9060
361
6072
429
1661
1937
9454
8490
9637
5068
2297
5590
4180
2347
366
9460
6928
8996
1915
2027
2259
6270
9045
4454
5913
892
6924
9104
1043
6365
1971
2319
5786
3563
7083
5099
3652
7178
1541
2249
1507
4532
1074
6400
6993
241
4463
1845
5072
6951
7744
3514
2532
216
6790
3328
287
8035
7656
3357
6741
5499
1641
2924
4183
5825
9573
582
2399
5815
5139
5004
492
9514
6278
4882
1198
3480
7400
2634
9875
5022
8697
6735
8933
6054
3486
1124
7631
8221
6815
1724
7239
7013
7627
8021
7762
2120
2022
8465
8569
2998
3147
8857
1785
2364
9455
8039
5030
950
6037
3534
6050
6581
4746
5955
7107
2704
6671
1250
2869
5793
9259
174
1414
2113
3022
2019
5552
9652
9728
7712
6375
65
8162
9467
8831
5197
3687
2462
9970
6136
5178
4177
8069
2564
1286
5189
4636
3383
9172
2422
4447
2092
9836
2175
849
8833
307
9516
1995
7405
1675
7915
8532
7035
551
968
9918
9648
9604
3114
6120
1810
3653
6328
1855
7630
4065
2576
6962
7452
7906
4189
7207
1334
4956
6146
716
7447
6307
64
2862
4717
7252
2741
3302
1232
2795
2570
1899
3711
6635
7105
1066
5662
9829
9629
4989
3783
2150
4714
932
8006
6917
2962
3089
1547
5269
8400
9145
2551
3883
707
2743
182
3160
7303
3796
8260
9276
8083
3184
3420
3134
3527
6647
2619
25
815
9805
609
7469
6212
5185
2375
7533
3003
4369
6680
3043
5661
3463
7274
7011
3227
3208
1731
4075
9105
6859
5134
5839
1516
3826
2834
7479
9735
1154
7417
4119
4465
8266
2315
2176
1488
3692
3118
3266
9308
7706
1926
9094
2421
5956
5191
6333
1405
4557
147
83
8813
9250
6127
4866
9665
3055
2764
5392
3915
1302
8467
4310
974
7541
5832
5438
8839
5006
8955
8028
5811
7634
5788
7034
9381
9355
4853
7589
7770
8368
6563
3406
6326
4548
8067
3215
5809
2886
3876
2079
7804
3898
399
9935
1898
2692
4280
2133
1104
3498
1576
7434
5100
1029
1879
9224
6153
9559
9464
9788
6787
6849
4794
1969
7905
5863
102
8214
9676
1625
1135
8892
9640
5057
5794
7965
419
9714
4952
148
3396
8122
6062
198
1808
8539
4971
2586
7924
289
6744
1446
711
8441
9265
4011
3107
5073
9477
7356
5454
3982
7053
8682
8496
8125
6753
1721
5690
6203
6737
1025
4439
7672
787
4865
2097
6865
6008
6187
9555
8749
3347
5702
72
4145
3617
591
8862
6118
5522
3071
6743
7094
6804
7725
2855
7953
9002
4824
2901
5313
4022
6322
1366
1562
8411
9692
8874
5983
7175
3567
6985
3553
2612
5087
2640
958
6507
3849
6330
4377
8043
6065
6725
5835
1454
5740
3679
7399
9239
5998
3293
4277
686
2907
9326
4482
9576
117
880
1962
4031
9268
806
8180
1818
5275
3787
2284
536
1411
1394
68
1693
2610
1277
4061
6570
5345
3690
1228
9787
3647
5555
2832
2045
1273
876
9387
6724
4244
9636
5647
6755
1548
2210
4650
7315
9470
1140
8666
4409
6029
67
3619
4193
6754
5567
1947
7577
4254
1132
1461
6150
6806
3605
9762
6335
131
936
5126
4619
2325
836
3005
4910
4738
1922
6441
2313
1283
7431
7363
1115
2852
7576
5104
3769
251
5391
1793
7205
8045
8092
7513
2009
996
7995
359
1816
8700
2358
5601
8436
4751
8960
733
889
7977
8560
1328
3720
5770
2036
3629
5146
4881
3177
4313
9469
3189
3868
9550
5986
4283
765
5148
8443
3108
405
683
3847
4238
2870
1026
3290
9484
2002
7539
4782
192
9038
1403
7033
1993
79
4080
7666
6232
6517
1206
4084
159
7160
8800
3280
3999
1860
4038
4545
7655
1210
4225
7639
9832
904
7749
3864
5609
7397
32
8703
5335
9173
2794
8949
115
8289
9552
3139
8578
5395
7418
9535
3017
284
5648
6659
298
3954
2505
6385
519
3306
7688
864
8061
3185
6595
5872
7850
3509
1194
5906
6992
7498
6293
2484
2386
2276
6235
2307
9814
6219
3051
9053
5
3465
9093
7322
2402
3466
574
8690
8281
9018
9399
9855
8489
480
6483
2521
4726
6604
4128
9409
4812
1493
2330
8638
9139
3597
9802
2787
2292
7734
9148
3305
5755
8847
6403
4030
1610
3283
1857
5273
2420
7540
6218
8359
3457
5773
4245
7777
4198
1842
4540
2050
9006
5631
9681
7195
5524
3541
2271
2098
9319
2489
8365
8737
4488
7774
8559
845
5252
1033
5867
6309
8770
5443
7281
9424
5504
3083
6274
8011
9004
4351
5842
1054
4566
2681
328
675
7060
3657
5926
2963
2683
4473
2814
7425
4533
9407
7164
6750
1655
5190
3398
8112
7082
5428
631
8943
313
8080
4170
2091
6970
3216
9643
3012
4844
534
7454
9394
9947
8461
4361
938
4215
5649
6451
7474
8487
2308
4919
6553
6337
196
7690
7803
8008
9033
6998
7309
8396
7972
3313
4775
6173
7673
7713
976
2148
7812
3319
3544
1165
507
8593
9358
4786
8918
3167
3287
3696
6958
3752
7192
4860
8600
8967
1158
6113
13
1972
7632
3872
6676
9599
5115
7010
2314
1758
4089
4258
8971
9584
740
9526
2087
2502
2379
9698
1715
8893
7462
8284
6513
7585
5540
3165
6504
8792
6883
9583
3842
9032
1864
5827
8121
150
7465
9350
3529
5587
5477
1968
6058
2861
3132
6141
2479
1079
930
354
8826
8646
9204
3236
9154
2583
8393
6217
1691
506
1407
1689
5822
5058
7662
8669
5747
402
2135
5597
7696
6658
9039
2380
4130
9869
36
558
8198
3564
877
4392
2465
489
2178
4777
7182
9518
9192
5372
5957
6587
2377
7862
1049
8556
9281
949
5229
6411
5211
2719
3676
7792
7809
8073
7249
6298
2660
4944
3485
3759
1262
394
4175
6303
1453
9473
685
679
106
2621
9058
3536
7448
4676
7415
7575
986
3688
7226
3545
9990
6480
8479
767
2533
7914
4967
5688
7085
7720
9052
2571
2474
8915
9445
3516
3309
9994
1984
7427
5485
4382
3322
4381
9015
4711
1623
7461
4058
8913
7266
6560
5866
6655
3951
3125
9976
3689
409
5074
9758
3338
7722
8054
3686
831
6694
1698
4224
5548
8144
1035
9382
5263
7718
5671
8452
1219
2351
6913
6161
9856
9435
4870
5366
1942
7773
4709
2356
3517
4857
6768
5204
7216
3644
7416
6184
3254
9502
9298
9792
9339
1852
9188
2362
3956
8587
303
5941
8989
4094
3403
1789
1798
6629
2413
1491
1341
7859
7444
9631
4822
4511
4341
5841
8325
7262
4113
9609
8235
9671
7270
8595
5416
8363
5292
9114
913
946
7971
1060
1518
5678
7288
1215
9450
5009
3624
8995
1841
7430
3957
3106
6252
7386
2277
8735
9830
3656
4921
4275
6036
768
7495
2102
763
1520
9431
8517
5206
45
5304
8091
3961
4589
5331
779
4871
5531
1259
694
4596
5875
5307
7922
6905
8635
9155
6547
8639
4791
4287
7017
3741
6078
5483
8048
9551
1320
7988
4534
6509
4202
2105
9411
7267
2194
7518
6630
8734
9348
9042
3062
3454
76
5576
2170
9070
6193
6564
2057
2205
8276
8759
7172
3326
2718
2125
7297
5118
9465
4179
5801
3284
2061
8146
2637
7605
5175
3220
1392
1401
8925
9646
1607
4466
9496
250
4893
3586
357
8367
7408
2482
6472
6091
1421
9684
8751
2472
4659
4386
4153
9185
709
6208
86
9870
5411
7701
682
9572
4828
1824
6434
9608
4699
7586
2905
9481
7778
5663
2202
3823
1916
883
2193
1577
952
6049
6018
9233
5725
2587
4304
4784
8739
7500
3379
4018
9220
8502
5700
5931
7622
5421
9574
1941
8268
2409
477
6231
3642
4284
2442
4567
8009
7199
8810
8426
5015
7354
2581
7992
7910
3097
334
1580
1389
3636
4829
7069
4583
8844
211
7422
342
9150
483
7439
6873
9650
6399
4137
2242
6260
5947
2918
7612
7466
9670
6736
1581
1854
7784
6086
9064
5447
1788
8070
9392
8340
6723
8109
8894
4451
2018
2762
916
4801
6207
9229
8721
6443
5150
4525
926
7921
901
4608
6033
5330
5802
4707
5787
7364
1887
7967
6731
977
3775
3364
7884
273
3010
6380
1435
869
4398
1087
4771
6290
3244
1139
2672
8348
1045
3470
7158
5858
7245
5205
7295
4999
2058
6469
9123
224
3000
1659
4246
7519
5712
9132
8529
1119
2360
9745
1660
2043
3386
3432
2140
953
1892
9515
6474
9494
861
268
5512
7806
6803
9476
3948
7984
7349
149
121
2228
3102
6195
3772
4388
7473
7334
8459
1099
9286
5237
4039
1242
9912
8447
2516
7831
7599
2700
9818
8244
6642
9412
2710
9732
5003
144
7960
5132
6210
6687
2927
5426
1413
6075
5677
725
3225
8581
9495
3837
5384
7350
9504
7042
827
1157
5628
5291
4778
6169
7937
8715
9301
7079
9096
5539
3950
4191
6808
7411
5116
9598
1595
6574
2103
8298
6414
7814
2967
5136
5243
1552
3198
9696
736
5797
2782
2972
2906
8978
543
8849
1319
3476
5579
2376
2544
8149
6093
7775
6977
6960
2255
4797
6533
4685
4432
9774
2132
7733
6591
4364
6415
791
9851
1781
5927
1907
6485
5518
1820
2289
6950
813
3495
1919
2145
7903
2226
1005
8392
5618
2199
7228
6239
2349
8366
9318
2973
5062
2781
5923
2006
1360
38
1466
2712
2666
9371
3634
3822
6023
7357
4941
6105
681
6534
9430
3172
6404
8050
6718
658
7458
5625
5633
2230
2173
8133
6183
3714
7131
8602
6541
8403
6030
413
9625
5432
4565
4475
94
1038
7366
8413
5760
1190
2773
8123
1085
6059
2522
5410
2729
7510
2174
3507
5017
7659
9385
9955
8242
8486
6912
2721
6643
6494
8662
4614
3270
8654
5808
4131
1951
1809
3560
6360
834
190
6139
7068
943
3059
2089
4901
9642
2806
7892
4085
9934
7319
8827
1097
5193
4282
3736
9592
107
5033
327
9656
2215
585
5780
7548
2172
7275
3660
965
9678
7152
6230
5994
9100
344
3128
422
6542
6761
9564
5216
8992
4948
9214
4957
3064
8530
391
843
3248
7198
155
4929
2822
7636
2926
2128
1321
2272
6926
8711
9198
3359
3838
9766
1317
9398
2111
30
4029
3218
9078
5242
2311
5605
2519
1805
9932
5462
4975
5951
4237
4276
5980
7926
9334
7161
1225
798
7490
9887
7220
5689
465
6320
187
3935
8013
4625
752
3569
5632
7097
2842
8888
8315
1375
5209
6516
5916
7883
5945
2417
7497
7581
9729
3844
9669
2387
8215
8430
6602
1425
8287
1120
2054
7591
7122
3582
5529
6396
9501
8820
6422
7159
9965
7078
3038
7061
7549
9940
2771
7002
3861
5196
162
2534
1545
8275
5771
5717
9194
2643
2540
915
4493
2809
277
8285
4931
9327
3673
3743
9151
2200
3891
5449
2691
4510
9080
1383
4767
2996
8803
7531
1268
6224
537
6189
6051
7998
3394
3503
1674
8293
9675
9197
5674
1475
8959
8615
9221
5482
2207
8157
5902
9278
1205
6845
9699
4227
2633
891
542
7332
1083
5133
2578
7204
8218
407
7285
4141
9889
3751
6462
6618
7537
7567
3693
6526
9362
461
761
7848
1245
7213
473
4132
2821
4983
4199
1614
6623
3712
3013
4321
2772
5968
5478
160
4269
8509
2902
3049
8515
4665
9782
4096
7177
2048
6522
9427
4342
9483
802
5254
5259
4814
3344
163
8126
1016
8730
7298
2788
8132
1218
8142
570
18
4294
920
7401
769
9768
6125
4885
1831
1226
3753
1155
4117
2689
1786
5155
3144
7014
7578
7927
2243
2144
2339
8439
1358
2332
5352
8170
6608
3424
2328
9309
5696
3091
7864
8108
4974
9340
103
6160
6321
7360
3916
5765
4836
1817
7996
3419
5215
8845
1131
2419
8103
4003
3142
8998
265
5658
9005
2693
9520
9037
7140
5581
5857
3312
9312
837
9370
2983
9345
1669
4773
7707
3206
5969
6381
9633
9201
2690
4833
2155
3806
7920
8151
4457
3008
9694
4491
615
4169
5020
9238
8338
7772
5543
4309
7735
2146
6040
2083
6681
9117
8209
9402
69
2716
8388
5346
5514
5203
5375
8380
3425
4347
5826
9647
4203
9106
7930
6331
4070
5681
1510
7791
1989
5958
5137
4924
7765
70
1764
7370
2301
3150
5465
161
4109
1811
7041
5439
7574
6733
4339
134
4426
2799
3576
8969
6722
6368
183
9879
3645
3993
2976
3908
5404
1404
8424
8985
4939
23
995
4710
6359
4262
5660
3602
5976
3500
1076
9076
2812
635
8183
866
6215
6429
3362
3810
4346
9344
2731
6117
4661
3223
9987
204
7897
1235
5532
146
1118
3066
885
6607
2830
4506
9885
5852
6019
7049
2016
9131
9519
4407
1496
156
6115
697
4323
5640
8314
8903
3442
4013
4531
1924
5553
6028
7460
4633
539
9533
6168
5288
3758
3292
5554
3977
7081
5900
320
9296
9894
6984
7993
2736
6765
6934
1632
6652
7746
4395
8815
6510
7293
1303
2593
3618
5403
7028
9331
3678
3973
4060
4298
3440
7528
2299
721
9158
5120
9895
9241
6624
5320
7307
1777
3613
1271
1374
4403
7679
2831
3363
3930
1113
2283
6154
7126
8361
2823
6615
3009
5510
7836
9933
734
1753
5491
7246
8622
3504
5446
4687
4157
1284
4894
210
9199
3902
4129
1665
1223
4618
8576
1853
8924
1267
3895
6225
2765
6649
2192
491
2495
8677
4081
9213
2429
8382
7157
311
4111
8278
5541
964
2827
7896
8840
3828
7051
4663
