549856543 148121937
719177909 222556170
949055793 871310008
241625230 61760403
665238630 9086636
894133419 742068241
141536591 84220526
926383510 612071053
927627077 43961548
471088069 70717087
182512400 141612321
763973158 179435717
348344502 287629432
62589267 57615749
514471750 307888006
959192441 38103573
50376896 48779268
714088618 362591799
297070950 183542388
146680430 100642817
934088361 519214266
176899050 123383960
505485590 176766091
744333063 726549288
399011441 388772637
432514337 48326876
417295664 13952959
207201399 47379139
377538766 116382306
490112994 387702369
850619495 309353979
524974829 227053393
281171314 180740110
218148759 14634002
839205584 472641044
656366862 536791534
285393939 265282400
210235537 12741017
455289673 394416042
798828169 185939545
22053295 11890386
210017532 130202533
687374870 38161639
124904779 113454761
80898119 4723782
80894806 15368815
106126566 75623407
925606623 834145486
127682708 51587709
541150934 422369726
525137354 413069543
856841589 222412129
709821735 165222621
693597996 425364322
93651663 30194011
80771652 76334013
183684995 40310152
81216711 80457716
397941536 247557019
712931225 478205935
389358233 378261527
263741558 144284823
460156145 376039475
784404392 456133818
946183218 885034118
827061675 814229503
217851902 77865238
120524857 89458128
823857643 338567393
887197866 124744856
673238401 238094379
679783977 170140023
18702104 12577199
774390108 249836741
248124705 30287716
204391714 123697689
156472539 143533560
335523228 90149734
378860743 17690220
701402454 156751445
189369752 137647395
885086503 22851178
804210950 42964498
775869406 93466313
924692513 481092522
673131552 635698723
718559543 236156676
454694818 336659558
777252167 732222608
66633118 37235929
91290026 43811382
44096322 20988803
18521155 13013085
138505789 107039720
163562970 58065912
445228577 30953833
382153232 43580513
464124480 247630624
505565324 197182511
827784861 519905921
664883066 565640532
807698590 256643036
269233528 246530935
861735404 214895730
966933431 52944267
466520055 96054949
657336260 1647487
550761656 86243465
250423506 4668293
984879210 902385348
101416551 60700990
591616763 323123972
232508204 39159529
94706242 71959800
201607376 14142920
733472789 177020383
445564254 293102320
946998922 577159247
754994299 338961581
973095717 15478803
17288655 10042614
777466835 160267884
262571735 155537141
421284548 140491981
391784718 142567219
518174956 376413290
680411737 534098618
903449408 586059819
815982131 646180111
461199933 396832307
225851538 29768461
848085233 238681180
20052024 16288109
814172420 509639811
548990685 339449929
686007265 327197712
575140485 573344894
394415653 196873777
399308284 118795907
413365675 154450482
936500871 531228718
179095922 108761309
105819744 87087115
444248080 17036817
296934959 235486822
451174055 150365486
845319448 373351286
267715685 53414314
248171937 199844596
349663004 63025957
186445809 98265369
74981817 48529317
160284991 12846575
553331233 119958546
181424637 108175930
801287863 416876668
180864191 122071803
314644951 173998795
545764641 103379671
116872691 42097433
762485490 331223135
325899265 142630171
971244304 576216240
357438116 343123814
117547531 92152707
260270200 50698826
884009607 197521317
341303708 11295129
852530814 836410324
687925911 169504646
707075961 17210223
214384799 134017955
809445246 368201561
543021348 179610267
100381894 49528149
723620009 665829065
213064934 79673640
956842823 189662094
646225837 151713100
711104377 61169844
664514957 202902823
363999577 110548086
80627735 50087686
882364385 286707643
517508218 481574056
522546722 301612326
646550647 299956676
57769755 13230610
192317409 103533542
962290410 276925396
658668810 334718858
433509484 284117232
104475204 22300987
375835775 88094393
543891113 320952511
936025700 583326192
320173650 194042634
99107866 37606974
417516618 132996967
578537526 183454184
865171832 185769862
276190465 267397324
742299254 702280881
702622196 576843466
870621764 188233353
232510899 104849900
948884745 398646962
611753326 11409236
230279204 61397324
983128227 330058
753011261 592634956
197198553 109088985
359746925 174376498
756969920 721925881
269992544 121765840
899862117 530017001
463960639 168893889
793555458 326157354
640024642 342951097
430350323 299108321
359129986 317714295
443178463 3023206
524192554 138722237
732442235 24800240
828477861 542393304
764043911 14890600
637711384 587904240
59474150 11185140
737277458 368600363
112005556 40551626
106409968 51639745
491828711 232029331
937526770 649040191
572288293 53799064
339693777 181348589
531893888 6575008
598631000 557104467
887288674 718238247
928297078 756537556
539758053 22393174
767616326 327153218
529748518 424732050
192261528 91805580
896695885 490590893
956911032 129107013
262189272 183129270
330326411 191992546
30764093 79650
701339057 557553357
46530816 17785789
35207587 24408406
547110764 25578214
558137880 452238876
628621070 107153308
292805966 114032996
786292453 711210330
385457404 353199069
578778864 549845251
894266888 307884774
740214379 310823974
178552545 119482227
151589760 115220627
574936159 411085343
738291475 269957091
690798414 119544912
376700557 332846960
608093339 20069219
46242872 29901364
983860359 427477137
957603545 334723780
74476994 39812725
870630156 392446684
979383511 574335822
815211133 802664364
197460437 158211269
610479187 142463087
8756943 2762965
495211911 69689141
243020789 207190874
418515845 359006100
524208854 415016123
982036276 902654610
947582077 475443643
591843463 291395885
312917585 289170045
894874119 794920724
986499953 507842947
506363090 399758480
107899717 30607799
634288805 325432694
140759161 14556375
663589269 128189277
84142964 70632333
31391512 4049681
616685050 295564962
454122027 251129804
452415586 260016186
473661368 380394828
338640591 171785691
445450120 288740934
70490327 67831621
379000388 206543150
29478897 9721990
509985978 84629527
683346380 175087194
337548286 122287126
675740031 94352037
845072104 248982601
879186970 91827041
1510867 240345
903170792 797987527
311165637 155911599
844733903 335628293
638286068 46460917
171021094 94144277
636674628 502030281
854476597 113879536
70034677 50062168
439743940 99067023
590906712 417946060
796547663 756322212
672789067 449970795
696995388 91851750
139929045 98677842
974323911 617387516
353003615 60411738
847245379 503491836
838298795 441470909
560000910 464646380
480953063 263236415
237830014 216346960
452880637 34712821
96618482 22462046
274341469 113590622
516589114 51225154
636879150 500137389
157695395 38514565
898720687 691025129
611698445 45135555
123859723 37071984
167140455 124102573
512627405 243187757
51836547 44187431
768940522 62241956
571007130 410501738
300525391 293738656
585627481 377485783
145622014 81853976
933515758 109411341
920091351 785931297
773963204 305374769
124039200 39487969
309518440 215126375
374949892 342934837
749430287 480569100
315837276 237768566
799174476 713962869
388330611 107110991
249096629 60291516
176965062 110211167
197810849 166553625
690234074 137210044
343536779 153059255
131707631 107344047
228776957 74083901
873682037 445630199
878182358 73490924
43467518 13141775
440826791 278988438
884274103 150280824
739719656 605868026
300280794 176285601
738596343 137195270
759510118 203228865
775866756 715681458
136738829 128697623
490235761 448217216
988910844 126614453
21021138 97562
96009795 56436524
90861116 40582205
92643294 16183435
495464455 320667402
700153048 421153307
199125530 100383856
983963643 387226422
116574120 26666185
282802687 120265191
636451533 246313266
367423496 16032823
729788230 707776731
873840406 639791996
834941840 466693877
251802037 97022665
453971769 430426247
583589 448472
843786589 582324462
658843048 609249212
328470730 206454380
701077562 301140828
343945264 148804312
436375752 98893022
93498935 49983451
84933505 67053476
936109144 248393047
272430308 112303324
712395660 3750226
49659090 48659985
213760357 41574423
237590148 194443607
674171233 11947960
946887152 770595009
106646765 37852007
262060820 62824457
225831870 206524604
233570848 82297968
787190321 313195130
908560988 611919197
841950361 6211371
148452009 7984282
516044595 201766221
795695862 290248564
432723703 400139229
796711574 15761677
455158080 165451006
773240076 4837928
620533350 105195333
214640313 169263311
656701640 459839231
783231474 573341809
749442480 449623500
187432848 181871042
348761554 18709210
868982397 731253945
44279750 17090222
635079604 334939501
579322873 183866586
132775402 32242819
130207206 50706946
551509826 506816239
672394286 520974643
231441587 49343744
23062990 8251144
210285006 77738761
969913922 43416296
41783719 5454513
365468939 59535641
509431107 38476567
79398928 11815433
481912548 465208435
760347252 272918527
263397690 113509064
542045909 536946863
897060628 582068955
869812831 811347915
161280590 77011366
80728848 18669733
848113945 75970291
535918934 292994944
940614587 74994283
260451692 77336233
825890968 330807104
624920963 141784795
725572810 408491355
670791012 336951161
604441694 148618344
441533050 14164058
555331329 280423703
878181216 331781965
870083398 14296165
130190170 113367179
928751902 894291603
377385860 108823056
548117446 154172438
294415874 95144374
195636362 36938658
202805078 153957048
345153760 286468632
697406906 617916789
197143748 179518228
461817879 156084474
484857793 144642142
744298513 195900943
995384925 205140738
161870167 24579833
407629078 150873421
870087997 304723606
622484509 76815020
687358905 100303086
585247511 101110872
644341497 538425806
239857146 148010950
942788083 895739422
65334465 47100486
425323659 346479705
596629977 366007549
343491776 59767868
242490940 229770274
454547248 285040875
628052101 603761273
740707519 488742692
486967709 249552685
337524728 269989934
455383607 401152562
339487774 192489116
678084878 32238167
558353257 391672584
225455194 194480005
134943635 123136714
62798216 24370385
407501152 291673134
552231991 370587259
876664534 149063712
191250756 151693365
353333778 312601472
947417475 608374686
117021849 114002450
360986140 32287386
946992949 136288116
131391258 100816926
709902661 29726414
629784794 249884683
542955380 455980492
839529095 713408057
114731186 72440973
798613045 233215470
485047932 431409683
559297673 217330696
799131971 702238386
107209656 92582209
147188392 132362946
820161437 176393680
781157358 87207122
175202467 7306315
794084179 487883715
911089272 864489295
150540378 39070130
995339845 694946032
354153116 200406767
733977559 390687462
889546050 856119360
973422411 296806503
628269458 60123339
782460271 430763223
135286301 13932169
906993836 64536732
824824394 593707271
627867457 461628743
425852688 379032061
863873617 628867777
615701466 548518711
403030853 111092621
161755038 107736685
255509078 164375989
677249966 563201756
376248994 341916341
386016634 148482621
233438944 157503281
248634109 220519485
436419626 18685831
189103493 100934530
256530773 84834246
889484900 193246687
334404558 293360013
676672350 211784804
867493236 728046835
270295112 101735987
400052254 354543932
716654694 268173064
650404402 321022044
560170212 42928415
961899151 954645566
254170962 55749995
726727495 253753462
251862506 69737636
121537852 113018282
661859021 450380969
196101268 30488616
710598991 291148062
836981137 759757411
504410884 496218975
975692882 734916647
336015812 41764202
971769707 614483678
669488482 22469518
208300957 47455913
426267006 281405124
222685587 175353063
330565107 182221619
200479308 84397331
258195740 108084273
201362262 59476442
202402168 128454970
883539982 199839841
755003488 736521331
814850395 636981903
844833104 494219023
153452231 104762940
225473755 74513577
933693814 386162067
289686315 124404208
72177533 46220730
587308942 515530526
544480593 33491331
304265663 207814034
345540171 69580834
551603257 388457013
136732700 96768221
401096076 12438609
406071171 57893667
154596109 34208369
946527278 489565943
740311728 106627889
389314092 285976355
101785628 81514579
345528393 143292052
16974839 11397895
862137048 22039719
295359045 81995799
925998946 860691166
880819201 425947003
835443451 96332159
867011363 149920236
560081211 228622499
210107005 36505272
339335945 104463781
46057044 22770960
782218101 64745495
657683354 136718232
299773903 200676723
185603915 145538447
373532855 144152207
850744830 550018431
659604586 329997388
838566590 143223707
472920142 198687237
203750510 66204206
434282013 142508790
192691475 105546344
146824107 52751348
979016538 59641493
192861207 37026846
669464222 569413910
383925753 363633084
413892447 79214090
886761736 225688273
759278539 363862260
293358088 159004999
908194295 464059154
582786 438775
442771250 222284880
126092581 117633741
463989707 17782717
526017439 310053624
412332603 309266105
547086330 24499040
660327484 298528254
394396620 274721984
553795735 403312372
683452267 97041500
306625304 84111613
405869411 179141401
461467575 236661372
383856089 173496452
464073721 170739280
482373144 357849464
146366324 68687447
64087410 2813179
618596654 25635101
83671004 25517581
897043143 119251139
613354152 243573908
921680111 513782058
308786221 240628398
265080398 250648766
405797424 87339990
989642536 883562193
982677380 676003137
314734662 279806859
111613571 42521968
461428383 300224748
381874459 376897804
706063566 94650718
434455367 111661968
637313532 346427670
598632057 567389984
374234854 357400761
504219431 248553108
62574828 18269867
566045950 502345405
829461652 133001265
948446974 206702274
965311958 372741975
74273275 70198058
635087312 464423945
658810057 27755359
467870788 237351483
609937191 137926686
282280382 247841965
1305721 1204161
333488686 63060888
140744894 81470343
761969620 116151058
799147603 663493092
745495357 672479472
456203530 225256757
165190045 119539647
256772048 121619590
490417572 20257133
748095130 1065528
404144179 370233953
21016722 9254445
235267257 222715322
77237571 20829589
889610426 368400035
563948641 332398616
145293201 142509637
732201113 346297976
603974304 28983800
975387326 569450834
992023844 943380894
359379709 330165873
818807008 110445038
719054006 392265451
419530985 204844930
949652626 934175865
148902584 112419774
123384209 39951856
859774422 354960758
592410752 240798784
200581534 18713047
338526897 106399988
98538612 23692695
924207491 270294215
747325160 307057569
487041521 446268739
680658820 150818409
34117420 30728271
412022832 232996161
729346626 559645462
108839183 55676250
549903018 423555092
202116932 148867149
129402056 27317902
289880811 276267507
779655005 207340709
384129095 118942013
403540698 26333057
762156621 91778203
417251677 195596886
590169099 459223494
179112164 158225401
9265041 5124802
137866031 7376461
987818456 894199491
470338383 154315102
454166747 363428117
330136023 37300847
833921692 608624918
331065420 281069333
145606140 102130609
367065892 64753575
630874128 231110680
455493351 419495415
41568625 863747
783270903 358716240
944351204 696464334
207748234 116307899
235211992 20668142
325113084 301522467
699377452 525811091
296588625 286756547
741011672 379815080
117943699 14179564
88039493 30681759
502689867 75649796
219916257 52341970
954669448 891142168
411000126 193012024
267673339 227867064
627070578 331486486
419808472 97089777
950239592 635770577
364550073 124628721
186135580 135222548
471924454 10267909
637611110 141235681
992204599 527193303
553103049 481959166
133978998 65710154
645740591 126749938
666405509 1492219
521989766 124039370
723053516 464990537
941633476 647989746
207629800 44253444
812399253 252714622
451895366 43304661
915057075 537636869
678846179 453762971
70548951 1823236
424434924 3966987
702629503 487750831
72607370 18332098
387667430 303574168
357818907 154811695
204174365 3051096
835682326 194180343
772678449 113671772
546680479 377203484
751978238 50540694
717469232 669227789
597974305 115594050
108948197 34947585
794835484 322623023
535041223 181532922
573970589 148337426
528378294 127691393
459350341 64104002
363299376 85960933
281312712 131862450
33687356 14061925
159763505 91028286
159641519 151032512
830257414 15240099
451606380 433811073
253675 203944
172498788 149190767
313894802 209101900
196791552 150622634
786505152 157940731
627341328 82286995
755630140 591717885
346053692 123846681
773449512 70934439
698118800 96646110
265770642 124770582
770139006 591883199
770510311 193471763
186403341 77759516
240712918 197626499
575316842 202057864
857463391 767986839
151837130 100543431
695839573 539501115
301001047 62822599
973911600 451616536
14317123 329058
423228107 8758024
879001904 93132722
541189931 106122350
121722368 16831407
95039211 27248723
564455765 100348189
277081595 221434115
737808004 480229694
376904332 124439994
118560794 87872011
849293021 748723090
842951381 714940003
586762258 385879745
688803455 651682351
766276766 331533638
344284520 220241582
961250696 474358914
962326324 433233982
966200948 82440218
739608204 325529693
436174805 177718667
666072203 135415841
209521987 35792916
54958824 43960071
254799736 250658592
697795244 684308408
368441740 142859848
133690864 50531947
234511848 149497815
860719159 279931275
818182149 4194100
247233292 227580140
981329454 331742408
129516301 5029204
844136273 715844493
699139670 340439780
191896255 78882828
356370448 70898052
598246465 126024174
434124839 387953383
149477937 3986065
232257774 139300815
654354284 552087628
716810231 576632097
58699672 1518133
666201569 275520898
215209237 62085499
728325181 279177611
798285756 738101614
332528125 281002124
136096545 60272529
966126717 325061592
305417103 55143164
129065464 6897243
804065500 771796156
970277461 709859729
453884934 257769639
803707238 597817226
529215104 107174603
681067719 651352993
25580686 24664528
5706907 371461
575177772 93357282
76825351 16301402
22475611 2321749
619494875 369197296
366170378 249814992
842154718 10368273
303244441 1546054
897358629 872545219
103408604 54569488
915919419 346386881
126598883 98707711
732461448 300204452
877145606 721988232
355116136 172250019
674257483 425989162
560184453 2889795
987432848 689672176
204238114 11870546
16551267 3013230
45393707 44472576
56840826 26374447
959839058 605437225
318961343 188825111
309570361 157622065
534251908 216873450
988028380 272650307
148351347 64462145
160810478 108145653
93715371 77951511
336713645 260706992
866055981 59286489
261655514 41302638
798879704 244515259
247284421 27584450
259743792 7319476
955788201 641250117
369163380 229570632
523046368 440423345
21623697 10305166
184007136 176815606
773857060 327311145
677417731 104746244
740027904 614766831
650330787 101456858
599261093 527580816
569899070 60876171
28667252 10687872
909419458 285352074
653270323 314020532
424041765 230500800
920909105 379243280
609008864 470984608
876274956 534471443
594073807 188170036
73321626 9770958
121433780 34944622
536194881 418025821
411054583 311041675
835572175 122378436
293642843 57219342
325834582 193825315
811915618 643701242
372934504 154769482
289320443 28642988
863347803 463227554
910730779 406755502
229843228 155846482
237993402 155451277
688534068 68084289
745362363 227964461
242512557 169778111
476846138 274511839
783804500 133519541
449157892 26218632
124225706 95012077
82745452 5800966
879882591 534566625
958189879 341909069
256281702 133935104
728391855 161387063
706088750 66067444
328773487 257121962
442771245 262878693
69363764 64491404
443235125 420435882
520971092 434005691
570518194 345270562
116182228 91039252
213189449 38120490
550966073 118885887
842820745 351656380
727780490 7665353
762318905 277343246
69395560 7555558
614156525 544632087
816422379 424912550
467199908 17129661
529914870 314567027
341521936 216172962
710071148 35995127
403462982 89201973
41800827 19420502
361028870 276265280
965840465 789148301
282257483 13718606
818264768 64127643
780887495 303183422
947407023 561936746
782394312 120380445
69701447 14526193
503513897 284426968
493486460 457718718
222937798 180560092
452951123 1253870
133391543 14370376
548417583 171669810
785207680 617244450
769306019 145378594
880189944 591052497
538941746 300287580
824615323 365707754
565915917 203559841
155451365 24647754
215651877 156041695
283849376 216539114
350967441 87066053
298845417 118212674
871436065 402121163
775471462 696891117
691792286 18648974
850537101 715878449
445928840 358979346
260757212 66505900
884111273 86473764
810554822 12515418
956007297 211422183
524061746 493468354
692935039 36201445
373267981 228262894
888225632 851716876
815854295 305744641
479029825 475651361
448274749 146794166
573924688 228578461
663651939 555319436
104079313 13271983
266062606 10042905
463891263 51449749
477963446 156018115
500883446 433232303
282587908 67681118
314088435 164499176
5857842 727152
489298017 302479543
253507114 101683083
462469021 193215828
121595365 45937596
978690190 360850755
954432062 276983474
587519405 171590112
896645994 74006247
378278320 299769278
631720286 528589401
348649336 34316523
867566404 677133150
234668472 139630282
602210820 285450829
715169690 586188303
567188613 276030639
917963843 726920008
901047813 296421673
738170694 135709152
237013993 150869529
125687745 9191997
170870774 144706682
145587832 34178122
569452084 79312808
427411120 400311522
629358664 248290323
90471696 28841306
160755450 150195654
824777222 159502644
5164357 1027019
625415546 355969983
891369494 647695552
313077509 259866389
637096704 181784662
397173272 22535598
492136197 238943052
38464889 4793126
513723527 92700115
556749562 130707479
21842679 17892652
137310867 37089323
550851807 95905346
301187598 151925902
585692776 206929242
521335373 417574779
694977215 641052955
663665650 273561889
307518869 136258991
354514404 225879610
423698931 248696040
820583270 531520172
780644226 479991375
448385472 79917589
900854722 28086085
282658766 224394559
825587462 328408961
610624760 146159928
38758717 113919
764099797 289491521
671677413 150015136
288928622 220478565
656919733 604891685
365375708 300001963
788275383 494413134
161841992 49727429
815474551 18399699
305014199 15793139
572867487 264043075
287281870 86641068
803117749 571654309
484820187 244772423
839539515 688830405
742654945 515937785
865209258 342701784
393352098 252607491
134550465 23339583
401216216 185591836
687130123 166162065
659613518 441020423
87664185 22287819
957439726 825256130
970535710 778564557
109208694 79053233
807845147 622666469
89815983 69193511
37849064 281768
493180435 368426836
418727279 121293954
239930992 207743455
965618872 390030532
140809387 6093387
187610714 120422068
382823299 52932272
649646423 169778252
922581724 224398293
650776496 50451186
234938701 195946392
994811309 887607782
110790543 42013247
156723556 107543946
720324072 582397772
160944845 118662778
820143084 687873296
327372483 130765418
658896772 38522311
249881552 247696492
836017859 688121568
483683236 184496749
192091871 117598064
913976153 661844977
966565335 328886673
350146503 8949433
963088471 62111899
307603976 298799335
618999641 20753796
965357116 145635755
921939586 175084141
869919898 355433308
968031035 505872129
614032832 241840976
49629156 48365662
468238715 137222355
606108781 158200766
343701442 332762841
666600198 286675685
849061420 445259115
243810179 9996584
827851890 540611529
57533661 35688511
504146885 490174215
852503242 430376221
715560565 62886250
95420238 42899166
389749394 357204952
741660206 414483619
640518490 528916814
682284131 453714465
680205960 305441208
45705710 4879284
599398117 456139646
102502265 69935520
762349117 10196891
463273934 372802572
141323299 55134610
357975792 94458014
537636877 467637791
99534455 89274683
627858525 522120707
372785870 110119705
275164236 33956603
446391212 195994318
892574356 302995428
780635631 433233270
675817054 181567116
907783924 356968142
697000542 35686166
957361519 36391122
831036499 714858594
233216012 207120513
672765359 90000259
182602940 32604182
853490431 192308175
198611515 149114292
421891355 294861488
245564733 220260547
547198452 374392898
127590647 3774111
599025642 162785542
392114075 121021332
465141796 95284729
346570164 107409814
512642119 156159247
511432189 457613070
916340761 822491558
635526514 626158915
751883499 451306535
769807565 196954316
839406227 536517968
201446976 23998163
692174747 17498670
214575158 87079600
144817697 93326311
21946473 4656073
281024715 267442115
939177125 864791464
988925846 310977433
505957214 370017460
960469774 299252940
686467793 417650818
705772918 295889438
188899803 115383401
482606251 236020678
757840407 6038085
477864027 197984257
836659559 646489372
160796054 18211050
285750893 156685881
698861364 121447355
468165812 137880312
303058098 235573953
651580255 441164376
181567804 90188197
243583101 31836364
751710611 468800689
671319408 301446245
261295460 50419985
625365836 435413533
220253753 14201322
60308487 38886826
88321713 26509781
977795681 474690541
651600185 499577569
783329071 107656354
799146454 91327799
586694790 44958020
268501059 201973484
117577487 3637883
513463445 387454745
735861818 633221864
636073591 76959368
488268003 233625716
169356149 116752531
228801092 167541530
437364784 352469967
469755343 53921890
822542821 28845992
735587505 298405894
11545379 2815525
707653248 319605981
398572977 139836054
815971296 299114210
449077338 124232316
627904799 610598244
363805746 85429742
489733166 250854286
937529872 524407460
494006320 280916468
153154930 19239716
239923951 220429264
347529273 8379726
176369109 110836267
13670934 1564123
656444061 256724710
141867415 18379146
812108928 640908153
660790573 320500694
187159524 58767037
173816520 168798992
319597107 105329858
551450364 333794523
922593728 136105135
509183009 399945029
341434404 128675588
362505306 83299140
759453055 698197099
848474365 847633531
932449631 2935183
349131219 264238672
254313320 113726236
988833429 757928320
650728974 123506031
863600354 360222277
235726119 40283828
722971885 361430505
831572855 764357686
966897419 773496793
290975338 247403763
913742020 337288563
216873628 168994754
866072927 676738488
516469013 492622022
204947025 188631312
443123693 282936756
788696960 464286067
566866715 306337541
661717729 232231396
601409299 186898544
956277389 739289932
895848034 828777275
2633978 987670
783642739 127858038
429688127 350547614
298514205 132696416
684074441 564359836
338257893 180370640
887556348 857639213
756887868 679090113
150675958 107185069
776472902 696593791
718527940 572476694
568086828 380385681
545215545 305651265
956068477 943402639
440011049 263166236
9437987 5649986
769070084 320279329
943952933 233477630
76657362 62125616
398603925 310779292
64168524 38372376
191645000 69146394
397291613 54500623
61205587 4015261
435952691 312131346
287569377 128443777
737783998 5317587
649696731 179182719
932302437 794120363
298281829 245018039
8664529 7090637
140546226 46790833
951973188 946744315
23822937 6378140
570254072 102183934
45431600 13438525
566957965 515327504
412330326 41376127
581034829 128556996
583644120 90413772
116012384 10519073
107465754 62341737
765937406 600943038
380898909 47887446
591417860 404758239
648330773 312537701
944983218 242231133
17128930 3134122
868551962 23150146
605248833 321044152
522404067 2974578
115520846 101958317
592016996 101520967
256047271 31358982
271072607 216402472
344824572 322819704
290885127 41172377
979727286 32240116
353873998 52212993
477504665 309564373
427950194 188796781
463224801 193942458
828881068 738931085
147932329 138474666
624944792 163021891
176100903 33308387
489616507 270125389
743813647 490165939
727823697 427607942
431346017 22873897
27297037 9846255
526016373 510164884
73046869 66486588
34329015 13247977
890371772 207255107
900013687 143742341
304664165 142702982
458843845 391904767
270827869 203452328
137100723 117708130
645316121 551799348
314301028 313250489
448969370 170637086
620097513 394466600
769442841 194378256
363829857 315260774
946508447 348295800
37941897 12339477
141324426 37789117
874775371 680217662
291544624 278432092
126599475 120323937
71393365 29470769
551007848 295753228
301514760 77610752
61232778 52475913
363710826 11528430
897246906 671448410
842991046 21881807
675628801 291020199
284243209 63876412
16059142 5269044
221667536 132154676
634745981 403042250
660683902 255163257
329063037 291629163
448524795 29634981
759273179 582869363
851589303 216847040
811204723 455822316
532327858 68840148
495240875 190438456
854851073 53833533
245276253 147763308
18882912 18528991
594722408 474536467
379281584 32225780
819041599 665762046
72283849 62600944
592542663 39099823
301375278 214400721
994482282 84204217
56284916 51888659
760008882 477922063
443220080 203054775
978559039 394822525
371916671 186796584
918102876 748403734
542562392 208458622
267868228 57132995
542809642 123492107
302118047 239858166
921028433 579814886
264122349 240713295
508950599 343013285
264954154 31266659
935005548 713121368
360349146 315203351
374243846 7022570
304609481 166283902
222711478 56226093
963149890 362899977
115637449 53705476
225582980 188118461
83295507 19778431
810153943 582833296
931497314 418648108
313636793 193448743
494866210 331142802
786138728 417087621
418798499 2942143
51501324 48061667
380538948 71338509
165262884 31029960
468353870 229627056
611874112 8788396
291546716 98158636
376829392 144666473
544572689 71431816
111381766 15830352
206623023 29627915
380103966 376459027
424248351 209521644
37389346 21062073
725769825 448945413
620721373 34163864
376630949 27520213
651671758 184971015
267715609 265868767
214528214 124782969
867709609 632797217
568512732 908631
860177728 564701182
666459738 27257650
692499475 425378234
968384847 349879717
464378876 280532338
291838167 137279844
403841808 70148377
144043596 70727617
336641588 78628143
253568534 161630868
503524448 35273146
607504225 318190474
470448623 61922746
411247907 398344393
818170811 493442820
31165880 23626820
900363398 167290087
573863619 185745234
843166872 260573769
999443328 559309997
490494128 129810368
414154626 86364222
199856535 124144347
791919247 581385398
764558444 57985186
783195002 164959538
767163444 41750648
697884418 202614274
818221184 420178578
555882386 313363457
149448091 81399970
996609277 497076971
602384613 191367069
766021857 74302771
653415214 326773147
521868261 208854868
205754884 137894838
473112866 465397759
711950235 339899043
785047196 175937662
379501290 263151563
133832920 101913211
447433417 259052336
425557091 138738229
600254011 492875185
32435934 3917924
948122851 441791279
432464720 393811905
821981740 477335015
365325771 52718138
41210798 39009060
627451073 334321835
614190645 483470651
746160656 521859573
30182781 8868078
532743467 115221266
791045220 352513485
507223103 31867677
325484779 31447703
482550783 393886934
475378017 12790842
649956765 582887324
254455995 218697228
243816919 149677504
290037500 211650589
84767424 76598708
258154393 134560233
679788384 349898075
89734666 22189418
117819353 112549160
557547135 482139516
984047072 788796947
797962448 484633699
159482220 85996915
659379784 414603062
17010959 433145
462585301 418309459
370414671 123773462
301493799 170224139
127920266 10224737
843527630 265951890
353687754 182166691
840283190 595496818
366574092 358779312
377461002 58278227
74297942 2932125
74368962 28041878
291601427 199827310
901902970 8882827
892913867 335569844
923902905 293362980
432491474 81529999
884435790 610809968
721880857 638595943
183538490 48559184
137065904 106673419
356692067 295812223
220371668 66754358
905891633 626296538
397410597 186368598
68278166 4232121
584165460 515251103
910521122 729843606
970093854 887951523
933021438 113146001
891333314 546121077
671301852 934682
891912130 630123083
750137437 297351684
420769753 133834724
21490406 5484197
205106964 45917002
249085727 48811338
910398575 48338758
807227045 362102137
831816999 684649491
838421441 770581917
522321057 385342969
785205864 621278285
298352132 19249272
553411973 454166483
971951924 754290721
450684277 408666542
837567086 156911660
917885532 910996092
59227772 6293618
557504898 468325581
53453161 25281512
102051851 5737675
451319485 432835410
260014925 150928250
694217682 512951909
658924788 398964763
716394055 543653542
302850049 189285042
183660049 160110916
514611581 45569094
126547377 100392238
739624281 575322549
623242853 332570101
776606782 384413571
901112342 74434236
720428675 494064955
148111511 105056924
620211986 494160167
546988356 207936832
264163914 213957134
805969287 732671531
762760603 116177824
760265141 603953941
726419736 481285124
850641191 632561570
636050650 40167305
780866038 459515465
659695842 267622366
274571899 207669779
856901214 407315549
29723649 5533441
836746048 236150623
901920738 776266251
616880002 134014344
315319404 70046945
735792357 572682689
798530528 784915694
338666336 206763049
850843494 337125545
301890998 57745351
57123604 42015218
408118554 95721386
680824891 50974918
461702967 30010455
989259421 825391156
52925132 40897086
712132166 471584194
139732254 13858354
766431029 631052099
683262548 314564827
541338492 153115300
563683708 553532689
493421375 87332780
735553202 74393990
13806168 7258796
937432392 345372481
955518276 89229911
445295009 294935090
870853463 441060944
954987576 453804985
853984812 384655365
944390070 32324250
898649648 342890321
71195144 50429966
781423319 428895342
307316265 132915291
403399646 288380430
448841758 216936772
216630793 85373224
556854402 215547684
656041413 393147025
584152725 490728652
382396544 333630541
590513218 285948723
534760706 276005216
371545628 154040062
762088028 553681494
378488023 27684245
55094330 39977873
197007182 51458622
284852934 142825007
749924280 349096221
309821212 77153460
829989365 385358751
269674115 166370904
214028680 166836809
296219466 70915317
516615629 34337816
434721913 289519427
684884320 204293112
669354338 222241109
179333889 53256075
245603465 121494498
980327683 692618390
845362531 233969707
666674704 121523844
385526533 102530471
88899738 37059932
296153588 260004515
1453349 1006461
50640867 6748366
285843687 237591071
409156669 24979360
426979714 125921585
940729019 44801614
176219682 107135361
7191035 681073
251024184 4809545
194351985 73309425
266290960 167143587
311063270 171411524
871040848 356353644
836619241 600762639
666756939 337655945
310887391 54933463
7522329 1433907
838062587 795702758
700838405 321484812
646856407 455077526
334611554 144508412
501370804 50459735
417715924 151186316
190737951 164724464
624589544 37888505
6094722 2037330
418315988 149557648
944800093 263968022
4382489 75837
483812236 215912014
900973880 767776497
16900463 5346549
132126054 818034
156896072 64957852
79701448 43394180
245203265 104608572
403503499 313372855
312579847 178856252
304528741 194981450
61248101 13812579
366885611 293421524
309982009 180603961
674810250 444186338
677895043 67933919
7209365 5217622
216776888 175809241
856646319 133430026
483697475 177568487
539399536 62106168
177599332 162248804
889863293 223091672
44965024 31010924
258206493 88860833
424364586 423330938
343495928 102804274
82407065 57319472
408358899 123547080
424682659 401340103
990493041 538435804
319415734 95771016
895421642 148938251
783666996 609177386
962536215 725728028
815454460 351349478
828849943 794099126
39646119 1456032
808885371 176083942
926983699 633695853
963384312 858637759
530960573 496187339
692763866 383980184
367552 90381
243027933 60965774
999781027 734050311
881591369 880556439
259143675 216056287
273006706 230891874
489680322 437189022
479361518 40296541
376607886 43196100
523476971 390392339
740437933 674560354
345967385 191572726
415245780 176370830
337356824 120338621
26739727 19095489
678761653 678046003
72850758 53251423
930767635 901311417
560301323 426167281
120371401 95776723
305077128 261410215
175515730 39856110
761823583 249085756
152062849 118022995
212535173 46766752
923041766 914650894
861141857 840969214
308685776 287149317
387954191 47749713
936774783 440643988
873723625 227031319
337541428 238034258
640942204 92770115
128091027 77738976
194266039 66934793
592865224 172234427
731712129 382962109
366891617 334278959
505177162 92068519
599725030 192832822
595488901 88551536
595670864 124841755
227873486 174609358
276256952 76347020
504750709 294869590
456941307 391895031
375785308 233592287
635866943 1720749
109505686 99526707
833758322 703559930
30302966 7812976
927430019 319415953
110985280 96155279
505245368 37420322
290204341 288636787
374359483 6820618
320790216 163519433
999634701 829324455
23993282 19006966
232003894 94269125
711055276 657962600
668889287 599321132
71154109 18759799
386891203 132992389
288316543 99441940
92284818 89858958
964940655 215422887
122903254 44780364
487231511 284131712
322236552 68835740
841485634 447060491
631468470 404402500
430623912 220303611
109055642 83896487
868812019 36295283
85521997 47978024
523501788 496088314
840933498 44072519
953213090 731572636
208513430 19205064
432060425 370293661
928287279 113242506
612179712 336831953
639528531 161585758
668367282 154917336
828590553 741188858
197882046 139344962
771425729 261444641
994734358 210303085
553803547 405543499
318751113 255994985
208299600 62907078
994376759 95437769
501530728 73794712
247312090 35659377
332256846 47927417
360196928 244003237
551956784 317408072
21455350 9776735
283812655 166882520
279067053 691819
241039747 27207595
138346411 66120078
607225880 478470184
892626971 445114960
473901627 177716194
443171755 331202221
479332151 335457567
197947203 147463771
258710414 118781347
61053993 9585352
367908626 102722190
657971737 164311089
728519805 472982735
16274548 7469550
621457814 357350738
578515372 306359588
378877584 287111487
708901878 379992956
626051782 90330272
889592814 542662237
538324085 454412302
69729433 58705580
172477921 130286015
716361804 501614104
224472465 36209447
366256382 350878175
319491690 59378164
172573768 3545294
606576628 213481496
734027917 553862869
977087618 615964364
677192692 63008705
629869686 336134765
806174405 503925685
550778668 345638138
533881007 78594582
169179315 124824055
510983801 248854753
36209713 5981389
114786968 68918992
397740886 292366822
919812335 914469647
762645479 498072862
95635444 91564226
846905309 816421292
509538597 235892597
363538796 242121064
544406423 202312334
872828570 227940103
20244765 5304802
819770930 168426570
132230508 67238712
106151180 46674033
873456650 822379438
319767509 303809812
162634045 5538397
740694343 537681350
775371197 643005513
452150406 109128198
271566317 51775824
532236325 110284173
98743732 80288922
688931104 626027366
233817619 131970399
776098814 692976802
827777103 292801777
768543727 440564634
246152173 210130714
567401317 329171072
959480427 845176542
450578016 256896999
260668666 250579341
338710797 322120636
495943382 36664306
951944585 4129693
125562056 20289532
806962914 82128457
981441378 497971108
376328835 111921258
86442599 11576190
278584659 233906870
758519471 575296351
298478675 59420678
783410997 105969423
954489387 812653210
549126848 424159189
787758169 120333485
779558077 292977229
0 0
